#                                                                                                         --- full sequence --- -------------- this domain -------------   hmm coord   ali coord   env coord
# target name                                     accession   tlen query name           accession   qlen   E-value  score  bias   #  of  c-Evalue  i-Evalue  score  bias  from    to  from    to  from    to  acc description of target
#                             ------------------- ---------- ----- -------------------- ---------- ----- --------- ------ ----- --- --- --------- --------- ------ ----- ----- ----- ----- ----- ----- ----- ---- ---------------------
NODE_3_length_193524_cov_75.578528:36565-37374|-  -            270 16545                -            267  1.1e-167  553.3   0.3   1   1  2.3e-170  1.2e-167  553.1   0.3     2   267     4   269     3   269 0.99 NODE_3_length_193524_cov_75.578528_64 # 36565 # 37374 # -1 # ID=3_64;partial=00;start_type=ATG;rbs_motif=AGxAGG/AGGxGG;rbs_spacer=5-10bp;gc_cont=0.404
NODE_11_length_94214_cov_54.858857:24809-25549|+  -            247 16545                -            267   5.4e-07   26.4   0.2   1   1   2.9e-09   1.5e-06   24.9   0.2    21   164    23   171    14   189 0.60 NODE_11_length_94214_cov_54.858857_25 # 24809 # 25549 # 1 # ID=11_25;partial=00;start_type=ATG;rbs_motif=AGxAGG/AGGxGG;rbs_spacer=5-10bp;gc_cont=0.371
NODE_5_length_181677_cov_163.395180:12027-12851|- -            275 16545                -            267   2.2e-06   24.4   0.1   1   1   5.8e-09   3.1e-06   23.9   0.1    15    73    19    76     8   119 0.86 NODE_5_length_181677_cov_163.395180_15 # 12027 # 12851 # -1 # ID=5_15;partial=00;start_type=GTG;rbs_motif=AGGAG;rbs_spacer=5-10bp;gc_cont=0.349
NODE_1_length_304474_cov_63.252055:69550-70176|-  -            209 16545                -            267   3.1e-06   23.9   0.0   1   1   6.7e-09   3.5e-06   23.7   0.0    13    84     8    77     1   123 0.80 NODE_1_length_304474_cov_63.252055_64 # 69550 # 70176 # -1 # ID=1_64;partial=00;start_type=ATG;rbs_motif=AGGAGG;rbs_spacer=5-10bp;gc_cont=0.400
NODE_20_length_58283_cov_65.610712:49171-50850|+  -            560 16545                -            267   0.00068   16.2   0.0   1   1   2.8e-06    0.0014   15.1   0.0    46    85    60    99     9   143 0.77 NODE_20_length_58283_cov_65.610712_54 # 49171 # 50850 # 1 # ID=20_54;partial=00;start_type=ATG;rbs_motif=GGAG/GAGG;rbs_spacer=5-10bp;gc_cont=0.424
NODE_6_length_133129_cov_71.626923:39078-39758|-  -            227 16545                -            267    0.0028   14.2   0.1   1   1   9.3e-06    0.0049   13.4   0.0    20    81    11    69     3   152 0.69 NODE_6_length_133129_cov_71.626923_37 # 39078 # 39758 # -1 # ID=6_37;partial=00;start_type=ATG;rbs_motif=GGAG/GAGG;rbs_spacer=5-10bp;gc_cont=0.402
#
# Program:         hmmsearch
# Version:         3.4 (Aug 2023)
# Pipeline mode:   SEARCH
# Query file:      /sw/data/local/BUSCO_Data/v5/lineages/enterococcus_odb12/hmms/16545at1350.hmm
# Target file:     /home/dich3309/rnaseq-tnseq-enterococcus-analysis/analyses/03_assembly_evaluation/busco_enterococcus_odb12/spades_scaffolds_pacbio_illumina_isolate_enterococcus_odb12/prodigal_output/predicted_genes/predicted.faa
# Option settings: hmmsearch --domtblout /home/dich3309/rnaseq-tnseq-enterococcus-analysis/analyses/03_assembly_evaluation/busco_enterococcus_odb12/spades_scaffolds_pacbio_illumina_isolate_enterococcus_odb12/run_enterococcus_odb12/hmmer_output/16545at1350.out --cpu 1 /sw/data/local/BUSCO_Data/v5/lineages/enterococcus_odb12/hmms/16545at1350.hmm /home/dich3309/rnaseq-tnseq-enterococcus-analysis/analyses/03_assembly_evaluation/busco_enterococcus_odb12/spades_scaffolds_pacbio_illumina_isolate_enterococcus_odb12/prodigal_output/predicted_genes/predicted.faa 
# Current dir:     /gorilla/home/dich3309/rnaseq-tnseq-enterococcus-analysis/code
# Date:            Tue Apr 28 22:11:19 2026
# [ok]
