#                                                                                                        --- full sequence --- -------------- this domain -------------   hmm coord   ali coord   env coord
# target name                                    accession   tlen query name           accession   qlen   E-value  score  bias   #  of  c-Evalue  i-Evalue  score  bias  from    to  from    to  from    to  acc description of target
#                            ------------------- ---------- ----- -------------------- ---------- ----- --------- ------ ----- --- --- --------- --------- ------ ----- ----- ----- ----- ----- ----- ----- ---- ---------------------
NODE_29_length_29482_cov_87.199667:27664-28056|+ -            131 16949                -            125   1.4e-73  242.4   1.4   1   1   2.6e-76   1.6e-73  242.2   1.4     1   122     1   122     1   125 0.99 NODE_29_length_29482_cov_87.199667_27 # 27664 # 28056 # 1 # ID=29_27;partial=00;start_type=ATG;rbs_motif=GGA/GAG/AGG;rbs_spacer=5-10bp;gc_cont=0.405
NODE_28_length_29579_cov_95.650511:4211-4972|-   -            254 16949                -            125   2.8e-08   31.5   3.6   1   2   1.5e-10   9.3e-08   29.8   3.4    12    87     4    80     2   112 0.78 NODE_28_length_29579_cov_95.650511_3 # 4211 # 4972 # -1 # ID=28_3;partial=00;start_type=ATG;rbs_motif=GGAG/GAGG;rbs_spacer=5-10bp;gc_cont=0.336
NODE_28_length_29579_cov_95.650511:4211-4972|-   -            254 16949                -            125   2.8e-08   31.5   3.6   2   2      0.47     3e+02   -0.9   0.2    77    94    93   110    88   133 0.72 NODE_28_length_29579_cov_95.650511_3 # 4211 # 4972 # -1 # ID=28_3;partial=00;start_type=ATG;rbs_motif=GGAG/GAGG;rbs_spacer=5-10bp;gc_cont=0.336
NODE_14_length_67873_cov_82.007916:66018-66491|+ -            158 16949                -            125   6.7e-07   27.0   0.3   1   1   1.4e-09   8.8e-07   26.6   0.3    13   102    17   107     6   134 0.80 NODE_14_length_67873_cov_82.007916_58 # 66018 # 66491 # 1 # ID=14_58;partial=00;start_type=ATG;rbs_motif=AGGAG;rbs_spacer=5-10bp;gc_cont=0.371
NODE_21_length_53836_cov_80.584707:16591-17025|+ -            145 16949                -            125   7.3e-06   23.7   0.1   1   1   1.4e-08     9e-06   23.4   0.1    13   108     2    96     1   117 0.83 NODE_21_length_53836_cov_80.584707_20 # 16591 # 17025 # 1 # ID=21_20;partial=00;start_type=ATG;rbs_motif=AGGAGG;rbs_spacer=5-10bp;gc_cont=0.340
NODE_16_length_63808_cov_77.334802:30876-31628|- -            251 16949                -            125   9.4e-05   20.1   0.5   1   1   3.1e-07    0.0002   19.0   0.1    19    88     9    79     2   105 0.78 NODE_16_length_63808_cov_77.334802_36 # 30876 # 31628 # -1 # ID=16_36;partial=00;start_type=ATG;rbs_motif=AGGAGG;rbs_spacer=5-10bp;gc_cont=0.376
#
# Program:         hmmsearch
# Version:         3.4 (Aug 2023)
# Pipeline mode:   SEARCH
# Query file:      /sw/data/local/BUSCO_Data/v5/lineages/enterococcus_odb12/hmms/16949at1350.hmm
# Target file:     /home/dich3309/rnaseq-tnseq-enterococcus-analysis/analyses/03_assembly_evaluation/busco_enterococcus_odb12/spades_scaffolds_pacbio_illumina_isolate_enterococcus_odb12/prodigal_output/predicted_genes/predicted.faa
# Option settings: hmmsearch --domtblout /home/dich3309/rnaseq-tnseq-enterococcus-analysis/analyses/03_assembly_evaluation/busco_enterococcus_odb12/spades_scaffolds_pacbio_illumina_isolate_enterococcus_odb12/run_enterococcus_odb12/hmmer_output/16949at1350.out --cpu 1 /sw/data/local/BUSCO_Data/v5/lineages/enterococcus_odb12/hmms/16949at1350.hmm /home/dich3309/rnaseq-tnseq-enterococcus-analysis/analyses/03_assembly_evaluation/busco_enterococcus_odb12/spades_scaffolds_pacbio_illumina_isolate_enterococcus_odb12/prodigal_output/predicted_genes/predicted.faa 
# Current dir:     /gorilla/home/dich3309/rnaseq-tnseq-enterococcus-analysis/code
# Date:            Tue Apr 28 22:11:21 2026
# [ok]
