#                                                                                                          --- full sequence --- -------------- this domain -------------   hmm coord   ali coord   env coord
# target name                                      accession   tlen query name           accession   qlen   E-value  score  bias   #  of  c-Evalue  i-Evalue  score  bias  from    to  from    to  from    to  acc description of target
#                              ------------------- ---------- ----- -------------------- ---------- ----- --------- ------ ----- --- --- --------- --------- ------ ----- ----- ----- ----- ----- ----- ----- ---- ---------------------
NODE_1_length_304474_cov_63.252055:10076-10657|+   -            194 18021                -            192  2.7e-118  390.0   3.2   1   1  4.7e-121    3e-118  389.8   3.2     1   192     1   192     1   192 1.00 NODE_1_length_304474_cov_63.252055_11 # 10076 # 10657 # 1 # ID=1_11;partial=00;start_type=GTG;rbs_motif=AGGAG;rbs_spacer=5-10bp;gc_cont=0.402
NODE_18_length_59342_cov_60.374412:13883-14701|+   -            273 18021                -            192   6.8e-14   49.3   0.0   1   1   1.5e-16   9.5e-14   48.9   0.0     2   164    85   243    84   256 0.89 NODE_18_length_59342_cov_60.374412_12 # 13883 # 14701 # 1 # ID=18_12;partial=00;start_type=GTG;rbs_motif=AGGAG;rbs_spacer=5-10bp;gc_cont=0.400
NODE_1_length_304474_cov_63.252055:123084-123596|+ -            171 18021                -            192   2.3e-09   34.6   0.0   1   1   4.9e-12   3.1e-09   34.1   0.0    36   170    34   164    24   168 0.87 NODE_1_length_304474_cov_63.252055_116 # 123084 # 123596 # 1 # ID=1_116;partial=00;start_type=GTG;rbs_motif=AGGAGG;rbs_spacer=5-10bp;gc_cont=0.415
NODE_1_length_304474_cov_63.252055:177516-178145|+ -            210 18021                -            192   4.4e-06   23.9   0.2   1   2   5.7e-05     0.036   11.1   0.0    32    83    46   100    32   106 0.77 NODE_1_length_304474_cov_63.252055_168 # 177516 # 178145 # 1 # ID=1_168;partial=00;start_type=ATG;rbs_motif=GGAG/GAGG;rbs_spacer=5-10bp;gc_cont=0.394
NODE_1_length_304474_cov_63.252055:177516-178145|+ -            210 18021                -            192   4.4e-06   23.9   0.2   2   2   6.1e-05     0.038   11.0   0.0   117   185   115   183   106   191 0.91 NODE_1_length_304474_cov_63.252055_168 # 177516 # 178145 # 1 # ID=1_168;partial=00;start_type=ATG;rbs_motif=GGAG/GAGG;rbs_spacer=5-10bp;gc_cont=0.394
NODE_13_length_76137_cov_124.122359:41442-41918|+  -            159 18021                -            192    0.0064   13.5   0.1   1   1   2.3e-05     0.014   12.4   0.0   114   151    24    61    14    99 0.82 NODE_13_length_76137_cov_124.122359_42 # 41442 # 41918 # 1 # ID=13_42;partial=00;start_type=ATG;rbs_motif=AGGAGG;rbs_spacer=5-10bp;gc_cont=0.373
#
# Program:         hmmsearch
# Version:         3.4 (Aug 2023)
# Pipeline mode:   SEARCH
# Query file:      /sw/data/local/BUSCO_Data/v5/lineages/enterococcus_odb12/hmms/18021at1350.hmm
# Target file:     /home/dich3309/rnaseq-tnseq-enterococcus-analysis/analyses/03_assembly_evaluation/busco_enterococcus_odb12/spades_scaffolds_pacbio_illumina_isolate_enterococcus_odb12/prodigal_output/predicted_genes/predicted.faa
# Option settings: hmmsearch --domtblout /home/dich3309/rnaseq-tnseq-enterococcus-analysis/analyses/03_assembly_evaluation/busco_enterococcus_odb12/spades_scaffolds_pacbio_illumina_isolate_enterococcus_odb12/run_enterococcus_odb12/hmmer_output/18021at1350.out --cpu 1 /sw/data/local/BUSCO_Data/v5/lineages/enterococcus_odb12/hmms/18021at1350.hmm /home/dich3309/rnaseq-tnseq-enterococcus-analysis/analyses/03_assembly_evaluation/busco_enterococcus_odb12/spades_scaffolds_pacbio_illumina_isolate_enterococcus_odb12/prodigal_output/predicted_genes/predicted.faa 
# Current dir:     /gorilla/home/dich3309/rnaseq-tnseq-enterococcus-analysis/code
# Date:            Tue Apr 28 22:11:27 2026
# [ok]
