#                                                                                                        --- full sequence --- -------------- this domain -------------   hmm coord   ali coord   env coord
# target name                                    accession   tlen query name           accession   qlen   E-value  score  bias   #  of  c-Evalue  i-Evalue  score  bias  from    to  from    to  from    to  acc description of target
#                            ------------------- ---------- ----- -------------------- ---------- ----- --------- ------ ----- --- --- --------- --------- ------ ----- ----- ----- ----- ----- ----- ----- ---- ---------------------
NODE_18_length_59342_cov_60.374412:28114-29472|+ -            453 19463                -            447  1.2e-244  809.5   0.0   1   1  2.7e-247  1.4e-244  809.3   0.0     1   447     4   452     4   452 0.99 NODE_18_length_59342_cov_60.374412_26 # 28114 # 29472 # 1 # ID=18_26;partial=00;start_type=ATG;rbs_motif=AGxAGG/AGGxGG;rbs_spacer=5-10bp;gc_cont=0.412
NODE_6_length_133129_cov_71.626923:31650-33020|- -            457 19463                -            447   1.8e-41  139.8   0.0   1   1   4.9e-44   2.6e-41  139.3   0.0   227   444    78   300    48   302 0.85 NODE_6_length_133129_cov_71.626923_30 # 31650 # 33020 # -1 # ID=6_30;partial=00;start_type=ATG;rbs_motif=None;rbs_spacer=None;gc_cont=0.403
NODE_11_length_94214_cov_54.858857:44145-44594|+ -            150 19463                -            447     6e-12   42.5   0.0   1   1   1.2e-14   6.4e-12   42.4   0.0    47   131    56   143     6   147 0.84 NODE_11_length_94214_cov_54.858857_45 # 44145 # 44594 # 1 # ID=11_45;partial=00;start_type=ATG;rbs_motif=GGAG/GAGG;rbs_spacer=5-10bp;gc_cont=0.378
NODE_28_length_29579_cov_95.650511:17715-18281|+ -            189 19463                -            447   0.00077   15.8   0.1   1   1     2e-06     0.001   15.4   0.1   252   309    17    74     7    91 0.90 NODE_28_length_29579_cov_95.650511_11 # 17715 # 18281 # 1 # ID=28_11;partial=00;start_type=ATG;rbs_motif=GGA/GAG/AGG;rbs_spacer=5-10bp;gc_cont=0.409
NODE_11_length_94214_cov_54.858857:29311-29994|+ -            228 19463                -            447    0.0033   13.7   0.0   1   1   8.5e-06    0.0045   13.3   0.0   254   333    61   139    42   145 0.83 NODE_11_length_94214_cov_54.858857_29 # 29311 # 29994 # 1 # ID=11_29;partial=00;start_type=ATG;rbs_motif=AGGAGG;rbs_spacer=5-10bp;gc_cont=0.402
NODE_1_length_304474_cov_63.252055:56029-56589|+ -            187 19463                -            447    0.0036   13.6   0.0   1   1   8.9e-06    0.0047   13.2   0.0   256   336    43   123    38   131 0.82 NODE_1_length_304474_cov_63.252055_49 # 56029 # 56589 # 1 # ID=1_49;partial=00;start_type=ATG;rbs_motif=AGGAG;rbs_spacer=5-10bp;gc_cont=0.390
#
# Program:         hmmsearch
# Version:         3.4 (Aug 2023)
# Pipeline mode:   SEARCH
# Query file:      /sw/data/local/BUSCO_Data/v5/lineages/enterococcus_odb12/hmms/19463at1350.hmm
# Target file:     /home/dich3309/rnaseq-tnseq-enterococcus-analysis/analyses/03_assembly_evaluation/busco_enterococcus_odb12/spades_scaffolds_pacbio_illumina_isolate_enterococcus_odb12/prodigal_output/predicted_genes/predicted.faa
# Option settings: hmmsearch --domtblout /home/dich3309/rnaseq-tnseq-enterococcus-analysis/analyses/03_assembly_evaluation/busco_enterococcus_odb12/spades_scaffolds_pacbio_illumina_isolate_enterococcus_odb12/run_enterococcus_odb12/hmmer_output/19463at1350.out --cpu 1 /sw/data/local/BUSCO_Data/v5/lineages/enterococcus_odb12/hmms/19463at1350.hmm /home/dich3309/rnaseq-tnseq-enterococcus-analysis/analyses/03_assembly_evaluation/busco_enterococcus_odb12/spades_scaffolds_pacbio_illumina_isolate_enterococcus_odb12/prodigal_output/predicted_genes/predicted.faa 
# Current dir:     /gorilla/home/dich3309/rnaseq-tnseq-enterococcus-analysis/code
# Date:            Tue Apr 28 22:11:34 2026
# [ok]
