#                                                                                                          --- full sequence --- -------------- this domain -------------   hmm coord   ali coord   env coord
# target name                                      accession   tlen query name           accession   qlen   E-value  score  bias   #  of  c-Evalue  i-Evalue  score  bias  from    to  from    to  from    to  acc description of target
#                              ------------------- ---------- ----- -------------------- ---------- ----- --------- ------ ----- --- --- --------- --------- ------ ----- ----- ----- ----- ----- ----- ----- ---- ---------------------
NODE_18_length_59342_cov_60.374412:56692-57696|+   -            335 19724                -            328  5.7e-210  693.4   4.4   1   1  8.4e-213  6.6e-210  693.2   4.4     1   325     4   328     4   331 0.99 NODE_18_length_59342_cov_60.374412_50 # 56692 # 57696 # 1 # ID=18_50;partial=00;start_type=GTG;rbs_motif=AGGAGG;rbs_spacer=5-10bp;gc_cont=0.411
NODE_12_length_79680_cov_63.087599:38420-39403|-   -            328 19724                -            328     7e-26   88.4   0.0   1   1   3.9e-28   3.1e-25   86.3   0.0    13   321    14   319     8   323 0.80 NODE_12_length_79680_cov_63.087599_44 # 38420 # 39403 # -1 # ID=12_44;partial=00;start_type=ATG;rbs_motif=GGA/GAG/AGG;rbs_spacer=5-10bp;gc_cont=0.425
NODE_1_length_304474_cov_63.252055:175864-176796|+ -            311 19724                -            328   5.2e-09   32.9   0.2   1   2   3.9e-07   0.00031   17.2   0.0    51   170    83   193    44   208 0.79 NODE_1_length_304474_cov_63.252055_166 # 175864 # 176796 # 1 # ID=1_166;partial=00;start_type=ATG;rbs_motif=AGGAG;rbs_spacer=5-10bp;gc_cont=0.438
NODE_1_length_304474_cov_63.252055:175864-176796|+ -            311 19724                -            328   5.2e-09   32.9   0.2   2   2   4.1e-06    0.0032   13.9   0.0   187   238   230   280   224   290 0.89 NODE_1_length_304474_cov_63.252055_166 # 175864 # 176796 # 1 # ID=1_166;partial=00;start_type=ATG;rbs_motif=AGGAG;rbs_spacer=5-10bp;gc_cont=0.438
NODE_1_length_304474_cov_63.252055:281229-281912|- -            228 19724                -            328   0.00033   17.1   0.0   1   2     0.077        61   -0.2   0.0   125   160    50    85    33   125 0.70 NODE_1_length_304474_cov_63.252055_263 # 281229 # 281912 # -1 # ID=1_263;partial=00;start_type=GTG;rbs_motif=GGAGG;rbs_spacer=5-10bp;gc_cont=0.404
NODE_1_length_304474_cov_63.252055:281229-281912|- -            228 19724                -            328   0.00033   17.1   0.0   2   2   1.9e-06    0.0015   15.0   0.0   153   244   131   220   121   226 0.82 NODE_1_length_304474_cov_63.252055_263 # 281229 # 281912 # -1 # ID=1_263;partial=00;start_type=GTG;rbs_motif=GGAGG;rbs_spacer=5-10bp;gc_cont=0.404
#
# Program:         hmmsearch
# Version:         3.4 (Aug 2023)
# Pipeline mode:   SEARCH
# Query file:      /sw/data/local/BUSCO_Data/v5/lineages/enterococcus_odb12/hmms/19724at1350.hmm
# Target file:     /home/dich3309/rnaseq-tnseq-enterococcus-analysis/analyses/03_assembly_evaluation/busco_enterococcus_odb12/spades_scaffolds_pacbio_illumina_isolate_enterococcus_odb12/prodigal_output/predicted_genes/predicted.faa
# Option settings: hmmsearch --domtblout /home/dich3309/rnaseq-tnseq-enterococcus-analysis/analyses/03_assembly_evaluation/busco_enterococcus_odb12/spades_scaffolds_pacbio_illumina_isolate_enterococcus_odb12/run_enterococcus_odb12/hmmer_output/19724at1350.out --cpu 1 /sw/data/local/BUSCO_Data/v5/lineages/enterococcus_odb12/hmms/19724at1350.hmm /home/dich3309/rnaseq-tnseq-enterococcus-analysis/analyses/03_assembly_evaluation/busco_enterococcus_odb12/spades_scaffolds_pacbio_illumina_isolate_enterococcus_odb12/prodigal_output/predicted_genes/predicted.faa 
# Current dir:     /gorilla/home/dich3309/rnaseq-tnseq-enterococcus-analysis/code
# Date:            Tue Apr 28 22:11:36 2026
# [ok]
