#                                                                                                           --- full sequence --- -------------- this domain -------------   hmm coord   ali coord   env coord
# target name                                       accession   tlen query name           accession   qlen   E-value  score  bias   #  of  c-Evalue  i-Evalue  score  bias  from    to  from    to  from    to  acc description of target
#                               ------------------- ---------- ----- -------------------- ---------- ----- --------- ------ ----- --- --- --------- --------- ------ ----- ----- ----- ----- ----- ----- ----- ---- ---------------------
NODE_12_length_79680_cov_63.087599:5616-6476|-      -            287 20011                -            252  3.2e-150  495.9   0.2   1   1  6.4e-153    4e-150  495.6   0.2     4   251    35   285    32   286 0.97 NODE_12_length_79680_cov_63.087599_8 # 5616 # 6476 # -1 # ID=12_8;partial=00;start_type=ATG;rbs_motif=None;rbs_spacer=None;gc_cont=0.420
NODE_4_length_185058_cov_63.073482:7410-8174|-      -            255 20011                -            252   4.8e-28   95.6   0.4   1   1   1.9e-30   1.2e-27   94.3   0.4     5   244    20   251    16   253 0.81 NODE_4_length_185058_cov_63.073482_8 # 7410 # 8174 # -1 # ID=4_8;partial=00;start_type=GTG;rbs_motif=GGAGG;rbs_spacer=5-10bp;gc_cont=0.405
NODE_3_length_193524_cov_75.578528:84858-85361|-    -            168 20011                -            252   1.4e-05   22.0   0.0   1   2      0.93   5.8e+02   -2.9   0.0   114   127    12    25     5    32 0.84 NODE_3_length_193524_cov_75.578528_113 # 84858 # 85361 # -1 # ID=3_113;partial=00;start_type=ATG;rbs_motif=GGAG/GAGG;rbs_spacer=5-10bp;gc_cont=0.367
NODE_3_length_193524_cov_75.578528:84858-85361|-    -            168 20011                -            252   1.4e-05   22.0   0.0   2   2   3.9e-08   2.4e-05   21.2   0.0   200   249    99   150    48   152 0.86 NODE_3_length_193524_cov_75.578528_113 # 84858 # 85361 # -1 # ID=3_113;partial=00;start_type=ATG;rbs_motif=GGAG/GAGG;rbs_spacer=5-10bp;gc_cont=0.367
NODE_25_length_37898_cov_141.568757:7037-7474|+     -            146 20011                -            252    0.0056   13.5   0.1   1   1   1.2e-05    0.0073   13.1   0.1    40   108    15    81     6    93 0.84 NODE_25_length_37898_cov_141.568757_10 # 7037 # 7474 # 1 # ID=25_10;partial=00;start_type=ATG;rbs_motif=AGGAG;rbs_spacer=5-10bp;gc_cont=0.363
NODE_5_length_181677_cov_163.395180:171050-171487|- -            146 20011                -            252    0.0056   13.5   0.1   1   1   1.2e-05    0.0073   13.1   0.1    40   108    15    81     6    93 0.84 NODE_5_length_181677_cov_163.395180_167 # 171050 # 171487 # -1 # ID=5_167;partial=00;start_type=ATG;rbs_motif=AGGAG;rbs_spacer=5-10bp;gc_cont=0.347
#
# Program:         hmmsearch
# Version:         3.4 (Aug 2023)
# Pipeline mode:   SEARCH
# Query file:      /sw/data/local/BUSCO_Data/v5/lineages/enterococcus_odb12/hmms/20011at1350.hmm
# Target file:     /home/dich3309/rnaseq-tnseq-enterococcus-analysis/analyses/03_assembly_evaluation/busco_enterococcus_odb12/spades_scaffolds_pacbio_illumina_isolate_enterococcus_odb12/prodigal_output/predicted_genes/predicted.faa
# Option settings: hmmsearch --domtblout /home/dich3309/rnaseq-tnseq-enterococcus-analysis/analyses/03_assembly_evaluation/busco_enterococcus_odb12/spades_scaffolds_pacbio_illumina_isolate_enterococcus_odb12/run_enterococcus_odb12/hmmer_output/20011at1350.out --cpu 1 /sw/data/local/BUSCO_Data/v5/lineages/enterococcus_odb12/hmms/20011at1350.hmm /home/dich3309/rnaseq-tnseq-enterococcus-analysis/analyses/03_assembly_evaluation/busco_enterococcus_odb12/spades_scaffolds_pacbio_illumina_isolate_enterococcus_odb12/prodigal_output/predicted_genes/predicted.faa 
# Current dir:     /gorilla/home/dich3309/rnaseq-tnseq-enterococcus-analysis/code
# Date:            Tue Apr 28 22:11:37 2026
# [ok]
