#                                                                                                          --- full sequence --- -------------- this domain -------------   hmm coord   ali coord   env coord
# target name                                      accession   tlen query name           accession   qlen   E-value  score  bias   #  of  c-Evalue  i-Evalue  score  bias  from    to  from    to  from    to  acc description of target
#                              ------------------- ---------- ----- -------------------- ---------- ----- --------- ------ ----- --- --- --------- --------- ------ ----- ----- ----- ----- ----- ----- ----- ---- ---------------------
NODE_3_length_193524_cov_75.578528:135357-136286|- -            310 23045                -            306    6e-138  456.4   0.6   1   1  1.1e-140  6.6e-138  456.3   0.6     1   303     1   306     1   309 0.97 NODE_3_length_193524_cov_75.578528_159 # 135357 # 136286 # -1 # ID=3_159;partial=00;start_type=ATG;rbs_motif=GGAGG;rbs_spacer=5-10bp;gc_cont=0.389
NODE_15_length_64299_cov_124.206128:20880-22295|+  -            472 23045                -            306   1.5e-11   41.4   0.0   1   1   4.2e-14   2.6e-11   40.5   0.0   120   254   235   374   213   382 0.81 NODE_15_length_64299_cov_124.206128_24 # 20880 # 22295 # 1 # ID=15_24;partial=00;start_type=TTG;rbs_motif=GGAG/GAGG;rbs_spacer=5-10bp;gc_cont=0.328
NODE_28_length_29579_cov_95.650511:18486-20255|-   -            590 23045                -            306   0.00035   17.1   0.1   1   2    0.0061       3.8    3.9   0.1    87   138   102   150    93   167 0.86 NODE_28_length_29579_cov_95.650511_12 # 18486 # 20255 # -1 # ID=28_12;partial=00;start_type=ATG;rbs_motif=GGAGG;rbs_spacer=5-10bp;gc_cont=0.385
NODE_28_length_29579_cov_95.650511:18486-20255|-   -            590 23045                -            306   0.00035   17.1   0.1   2   2     6e-05     0.038   10.5   0.0   125   155   368   398   354   417 0.81 NODE_28_length_29579_cov_95.650511_12 # 18486 # 20255 # -1 # ID=28_12;partial=00;start_type=ATG;rbs_motif=GGAGG;rbs_spacer=5-10bp;gc_cont=0.385
NODE_9_length_122393_cov_61.758630:23747-24439|-   -            231 23045                -            306    0.0072   12.8   0.0   1   1   1.8e-05     0.011   12.2   0.0   108   150     5    47     2    57 0.87 NODE_9_length_122393_cov_61.758630_28 # 23747 # 24439 # -1 # ID=9_28;partial=00;start_type=GTG;rbs_motif=AGGAGG;rbs_spacer=5-10bp;gc_cont=0.395
NODE_1_length_304474_cov_63.252055:244273-244821|+ -            183 23045                -            306     0.019   11.4   0.0   1   1   5.2e-05     0.032   10.7   0.0   136   163     5    31     2    45 0.84 NODE_1_length_304474_cov_63.252055_228 # 244273 # 244821 # 1 # ID=1_228;partial=00;start_type=ATG;rbs_motif=AGGAG;rbs_spacer=5-10bp;gc_cont=0.375
#
# Program:         hmmsearch
# Version:         3.4 (Aug 2023)
# Pipeline mode:   SEARCH
# Query file:      /sw/data/local/BUSCO_Data/v5/lineages/enterococcus_odb12/hmms/23045at1350.hmm
# Target file:     /home/dich3309/rnaseq-tnseq-enterococcus-analysis/analyses/03_assembly_evaluation/busco_enterococcus_odb12/spades_scaffolds_pacbio_illumina_isolate_enterococcus_odb12/prodigal_output/predicted_genes/predicted.faa
# Option settings: hmmsearch --domtblout /home/dich3309/rnaseq-tnseq-enterococcus-analysis/analyses/03_assembly_evaluation/busco_enterococcus_odb12/spades_scaffolds_pacbio_illumina_isolate_enterococcus_odb12/run_enterococcus_odb12/hmmer_output/23045at1350.out --cpu 1 /sw/data/local/BUSCO_Data/v5/lineages/enterococcus_odb12/hmms/23045at1350.hmm /home/dich3309/rnaseq-tnseq-enterococcus-analysis/analyses/03_assembly_evaluation/busco_enterococcus_odb12/spades_scaffolds_pacbio_illumina_isolate_enterococcus_odb12/prodigal_output/predicted_genes/predicted.faa 
# Current dir:     /gorilla/home/dich3309/rnaseq-tnseq-enterococcus-analysis/code
# Date:            Tue Apr 28 22:11:52 2026
# [ok]
