#                                                                                                          --- full sequence --- -------------- this domain -------------   hmm coord   ali coord   env coord
# target name                                      accession   tlen query name           accession   qlen   E-value  score  bias   #  of  c-Evalue  i-Evalue  score  bias  from    to  from    to  from    to  acc description of target
#                              ------------------- ---------- ----- -------------------- ---------- ----- --------- ------ ----- --- --- --------- --------- ------ ----- ----- ----- ----- ----- ----- ----- ---- ---------------------
NODE_17_length_62801_cov_60.881707:37486-38172|-   -            229 7733                 -            222  1.1e-148  490.1   0.1   1   1    2e-151  1.3e-148  489.9   0.1     1   222     1   228     1   228 0.98 NODE_17_length_62801_cov_60.881707_36 # 37486 # 38172 # -1 # ID=17_36;partial=00;start_type=ATG;rbs_motif=AGGAG;rbs_spacer=5-10bp;gc_cont=0.390
NODE_2_length_252901_cov_71.242866:178968-179636|+ -            223 7733                 -            222   1.8e-78  260.6   0.3   1   1   3.1e-81   1.9e-78  260.4   0.3     3   220     2   220     1   222 0.97 NODE_2_length_252901_cov_71.242866_170 # 178968 # 179636 # 1 # ID=2_170;partial=00;start_type=ATG;rbs_motif=GGAG/GAGG;rbs_spacer=5-10bp;gc_cont=0.393
NODE_1_length_304474_cov_63.252055:68823-69527|-   -            235 7733                 -            222   2.6e-10   37.7   0.0   1   1   4.9e-13   3.1e-10   37.4   0.0     4    96     6    97     3   186 0.92 NODE_1_length_304474_cov_63.252055_63 # 68823 # 69527 # -1 # ID=1_63;partial=00;start_type=ATG;rbs_motif=AGGAGG;rbs_spacer=5-10bp;gc_cont=0.399
NODE_3_length_193524_cov_75.578528:84150-84809|-   -            220 7733                 -            222   4.4e-08   30.4   0.0   1   2   3.6e-10   2.3e-07   28.0   0.0     3   109     2   106     1   121 0.87 NODE_3_length_193524_cov_75.578528_112 # 84150 # 84809 # -1 # ID=3_112;partial=00;start_type=ATG;rbs_motif=AGGAG;rbs_spacer=5-10bp;gc_cont=0.408
NODE_3_length_193524_cov_75.578528:84150-84809|-   -            220 7733                 -            222   4.4e-08   30.4   0.0   2   2      0.12        75    0.2   0.0   149   187   125   165   110   176 0.69 NODE_3_length_193524_cov_75.578528_112 # 84150 # 84809 # -1 # ID=3_112;partial=00;start_type=ATG;rbs_motif=AGGAG;rbs_spacer=5-10bp;gc_cont=0.408
NODE_30_length_28698_cov_56.930508:20715-21242|-   -            176 7733                 -            222   4.7e-07   27.0   0.0   1   1   1.5e-09   9.2e-07   26.1   0.0     5   100     3    95     1   102 0.92 NODE_30_length_28698_cov_56.930508_24 # 20715 # 21242 # -1 # ID=30_24;partial=00;start_type=ATG;rbs_motif=AGGAG;rbs_spacer=5-10bp;gc_cont=0.426
#
# Program:         hmmsearch
# Version:         3.4 (Aug 2023)
# Pipeline mode:   SEARCH
# Query file:      /sw/data/local/BUSCO_Data/v5/lineages/enterococcus_odb12/hmms/7733at1350.hmm
# Target file:     /home/dich3309/rnaseq-tnseq-enterococcus-analysis/analyses/03_assembly_evaluation/busco_enterococcus_odb12/spades_scaffolds_pacbio_illumina_isolate_enterococcus_odb12/prodigal_output/predicted_genes/predicted.faa
# Option settings: hmmsearch --domtblout /home/dich3309/rnaseq-tnseq-enterococcus-analysis/analyses/03_assembly_evaluation/busco_enterococcus_odb12/spades_scaffolds_pacbio_illumina_isolate_enterococcus_odb12/run_enterococcus_odb12/hmmer_output/7733at1350.out --cpu 1 /sw/data/local/BUSCO_Data/v5/lineages/enterococcus_odb12/hmms/7733at1350.hmm /home/dich3309/rnaseq-tnseq-enterococcus-analysis/analyses/03_assembly_evaluation/busco_enterococcus_odb12/spades_scaffolds_pacbio_illumina_isolate_enterococcus_odb12/prodigal_output/predicted_genes/predicted.faa 
# Current dir:     /gorilla/home/dich3309/rnaseq-tnseq-enterococcus-analysis/code
# Date:            Tue Apr 28 22:11:59 2026
# [ok]
