#                                                                                                          --- full sequence --- -------------- this domain -------------   hmm coord   ali coord   env coord
# target name                                      accession   tlen query name           accession   qlen   E-value  score  bias   #  of  c-Evalue  i-Evalue  score  bias  from    to  from    to  from    to  acc description of target
#                              ------------------- ---------- ----- -------------------- ---------- ----- --------- ------ ----- --- --- --------- --------- ------ ----- ----- ----- ----- ----- ----- ----- ---- ---------------------
NODE_4_length_185058_cov_63.073482:118777-121134|- -            786 837                  -            785         0 1519.7  14.6   1   1         0         0 1519.5  14.6     1   783     1   785     1   785 0.98 NODE_4_length_185058_cov_63.073482_114 # 118777 # 121134 # -1 # ID=4_114;partial=00;start_type=ATG;rbs_motif=GGAG/GAGG;rbs_spacer=5-10bp;gc_cont=0.404
NODE_9_length_122393_cov_61.758630:76503-77732|-   -            410 837                  -            785   8.2e-08   28.3   3.6   1   2   5.4e-05     0.034    9.8   0.2   618   674   186   239   170   285 0.75 NODE_9_length_122393_cov_61.758630_79 # 76503 # 77732 # -1 # ID=9_79;partial=00;start_type=ATG;rbs_motif=AGGAGG;rbs_spacer=5-10bp;gc_cont=0.396
NODE_9_length_122393_cov_61.758630:76503-77732|-   -            410 837                  -            785   8.2e-08   28.3   3.6   2   2   7.8e-08   4.9e-05   19.1   0.4   637   733   288   373   284   408 0.81 NODE_9_length_122393_cov_61.758630_79 # 76503 # 77732 # -1 # ID=9_79;partial=00;start_type=ATG;rbs_motif=AGGAGG;rbs_spacer=5-10bp;gc_cont=0.396
NODE_18_length_59342_cov_60.374412:50806-51276|+   -            157 837                  -            785   8.2e-08   28.3   0.1   1   1   1.7e-10     1e-07   28.0   0.1   635   756     3   113     1   144 0.59 NODE_18_length_59342_cov_60.374412_45 # 50806 # 51276 # 1 # ID=18_45;partial=00;start_type=ATG;rbs_motif=AGGAGG;rbs_spacer=11-12bp;gc_cont=0.410
NODE_6_length_133129_cov_71.626923:21691-22071|-   -            127 837                  -            785   6.2e-07   25.4   0.2   1   1   1.2e-09   7.6e-07   25.1   0.2   633   737     1    94     1   126 0.79 NODE_6_length_133129_cov_71.626923_17 # 21691 # 22071 # -1 # ID=6_17;partial=00;start_type=ATG;rbs_motif=GGAG/GAGG;rbs_spacer=5-10bp;gc_cont=0.346
NODE_10_length_113754_cov_99.095655:28375-30501|-  -            709 837                  -            785   1.1e-05   21.2   1.5   1   1   2.8e-08   1.8e-05   20.6   1.5   618   704   604   692   592   700 0.84 NODE_10_length_113754_cov_99.095655_26 # 28375 # 30501 # -1 # ID=10_26;partial=00;start_type=ATG;rbs_motif=AGGAG;rbs_spacer=5-10bp;gc_cont=0.417
#
# Program:         hmmsearch
# Version:         3.4 (Aug 2023)
# Pipeline mode:   SEARCH
# Query file:      /sw/data/local/BUSCO_Data/v5/lineages/enterococcus_odb12/hmms/837at1350.hmm
# Target file:     /home/dich3309/rnaseq-tnseq-enterococcus-analysis/analyses/03_assembly_evaluation/busco_enterococcus_odb12/spades_scaffolds_pacbio_illumina_isolate_enterococcus_odb12/prodigal_output/predicted_genes/predicted.faa
# Option settings: hmmsearch --domtblout /home/dich3309/rnaseq-tnseq-enterococcus-analysis/analyses/03_assembly_evaluation/busco_enterococcus_odb12/spades_scaffolds_pacbio_illumina_isolate_enterococcus_odb12/run_enterococcus_odb12/hmmer_output/837at1350.out --cpu 1 /sw/data/local/BUSCO_Data/v5/lineages/enterococcus_odb12/hmms/837at1350.hmm /home/dich3309/rnaseq-tnseq-enterococcus-analysis/analyses/03_assembly_evaluation/busco_enterococcus_odb12/spades_scaffolds_pacbio_illumina_isolate_enterococcus_odb12/prodigal_output/predicted_genes/predicted.faa 
# Current dir:     /gorilla/home/dich3309/rnaseq-tnseq-enterococcus-analysis/code
# Date:            Tue Apr 28 22:12:00 2026
# [ok]
