#                                                                                                             --- full sequence --- -------------- this domain -------------   hmm coord   ali coord   env coord
# target name                                         accession   tlen query name           accession   qlen   E-value  score  bias   #  of  c-Evalue  i-Evalue  score  bias  from    to  from    to  from    to  acc description of target
#                                 ------------------- ---------- ----- -------------------- ---------- ----- --------- ------ ----- --- --- --------- --------- ------ ----- ----- ----- ----- ----- ----- ----- ---- ---------------------
NODE_1_length_1652082_cov_46.167482:1365665-1367230|+ -            522 1360                 -            518         0 1146.5   1.3   1   1         0         0 1146.3   1.3     1   518     1   521     1   521 0.99 NODE_1_length_1652082_cov_46.167482_1346 # 1365665 # 1367230 # 1 # ID=1_1346;partial=00;start_type=TTG;rbs_motif=GGA/GAG/AGG;rbs_spacer=5-10bp;gc_cont=0.427
NODE_4_length_212759_cov_102.864112:120854-122467|-   -            538 1360                 -            518         0 1125.5   0.5   1   1         0         0 1125.2   0.5    11   518    27   537    18   537 0.99 NODE_4_length_212759_cov_102.864112_119 # 120854 # 122467 # -1 # ID=4_119;partial=00;start_type=ATG;rbs_motif=None;rbs_spacer=None;gc_cont=0.435
NODE_2_length_840748_cov_42.698360:362995-364071|-    -            359 1360                 -            518   6.4e-07   25.7   0.0   1   1   2.2e-09   1.1e-06   25.0   0.0    11   179   170   333   165   349 0.71 NODE_2_length_840748_cov_42.698360_348 # 362995 # 364071 # -1 # ID=2_348;partial=00;start_type=ATG;rbs_motif=GGAG/GAGG;rbs_spacer=5-10bp;gc_cont=0.408
NODE_1_length_1652082_cov_46.167482:356831-357550|+   -            240 1360                 -            518   7.9e-05   18.8   0.0   1   1   3.1e-07   0.00016   17.8   0.0    83   184   107   224    91   237 0.69 NODE_1_length_1652082_cov_46.167482_361 # 356831 # 357550 # 1 # ID=1_361;partial=00;start_type=ATG;rbs_motif=AGxAGG/AGGxGG;rbs_spacer=5-10bp;gc_cont=0.414
NODE_3_length_245057_cov_46.274867:211053-211367|-    -            105 1360                 -            518    0.0026   13.8   0.0   1   1   5.2e-06    0.0027   13.8   0.0   359   413    49   103    22   104 0.87 NODE_3_length_245057_cov_46.274867_214 # 211053 # 211367 # -1 # ID=3_214;partial=00;start_type=ATG;rbs_motif=AGGAG;rbs_spacer=5-10bp;gc_cont=0.390
NODE_1_length_1652082_cov_46.167482:912761-913882|-   -            374 1360                 -            518     0.009   12.1   0.0   1   1   2.5e-05     0.013   11.5   0.0   224   256     7    38     2    84 0.80 NODE_1_length_1652082_cov_46.167482_907 # 912761 # 913882 # -1 # ID=1_907;partial=00;start_type=ATG;rbs_motif=None;rbs_spacer=None;gc_cont=0.431
#
# Program:         hmmsearch
# Version:         3.4 (Aug 2023)
# Pipeline mode:   SEARCH
# Query file:      /sw/data/local/BUSCO_Data/v5/lineages/enterococcus_odb12/hmms/1360at1350.hmm
# Target file:     /home/dich3309/rnaseq-tnseq-enterococcus-analysis/analyses/03_assembly_evaluation/busco_enterococcus_odb12/spades_scaffolds_nanopore_illumina_enterococcus_odb12/prodigal_output/predicted_genes/predicted.faa
# Option settings: hmmsearch --domtblout /home/dich3309/rnaseq-tnseq-enterococcus-analysis/analyses/03_assembly_evaluation/busco_enterococcus_odb12/spades_scaffolds_nanopore_illumina_enterococcus_odb12/run_enterococcus_odb12/hmmer_output/1360at1350.out --cpu 1 /sw/data/local/BUSCO_Data/v5/lineages/enterococcus_odb12/hmms/1360at1350.hmm /home/dich3309/rnaseq-tnseq-enterococcus-analysis/analyses/03_assembly_evaluation/busco_enterococcus_odb12/spades_scaffolds_nanopore_illumina_enterococcus_odb12/prodigal_output/predicted_genes/predicted.faa 
# Current dir:     /gorilla/home/dich3309/rnaseq-tnseq-enterococcus-analysis/code
# Date:            Tue Apr 28 22:12:58 2026
# [ok]
