#                                                                                                             --- full sequence --- -------------- this domain -------------   hmm coord   ali coord   env coord
# target name                                         accession   tlen query name           accession   qlen   E-value  score  bias   #  of  c-Evalue  i-Evalue  score  bias  from    to  from    to  from    to  acc description of target
#                                 ------------------- ---------- ----- -------------------- ---------- ----- --------- ------ ----- --- --- --------- --------- ------ ----- ----- ----- ----- ----- ----- ----- ---- ---------------------
NODE_1_length_1652082_cov_46.167482:551776-552405|-   -            210 16595                -            209  1.3e-140  463.5   1.2   1   1  1.8e-143  1.4e-140  463.3   1.2     1   209     1   209     1   209 1.00 NODE_1_length_1652082_cov_46.167482_538 # 551776 # 552405 # -1 # ID=1_538;partial=00;start_type=ATG;rbs_motif=AGGAG;rbs_spacer=5-10bp;gc_cont=0.410
NODE_1_length_1652082_cov_46.167482:1645559-1646104|+ -            182 16595                -            209   0.00023   18.3   0.0   1   1   3.5e-07   0.00027   18.1   0.0   116   169    84   137    16   145 0.79 NODE_1_length_1652082_cov_46.167482_1591 # 1645559 # 1646104 # 1 # ID=1_1591;partial=00;start_type=ATG;rbs_motif=AGGAG;rbs_spacer=5-10bp;gc_cont=0.381
NODE_1_length_1652082_cov_46.167482:1609389-1610360|+ -            324 16595                -            209    0.0081   13.3   0.2   1   2      0.17   1.3e+02   -0.4   0.0   116   158    48    94    24    98 0.63 NODE_1_length_1652082_cov_46.167482_1558 # 1609389 # 1610360 # 1 # ID=1_1558;partial=00;start_type=ATG;rbs_motif=GGAGG;rbs_spacer=5-10bp;gc_cont=0.402
NODE_1_length_1652082_cov_46.167482:1609389-1610360|+ -            324 16595                -            209    0.0081   13.3   0.2   2   2   4.1e-05     0.032   11.3   0.0   118   160   213   255   157   311 0.86 NODE_1_length_1652082_cov_46.167482_1558 # 1609389 # 1610360 # 1 # ID=1_1558;partial=00;start_type=ATG;rbs_motif=GGAGG;rbs_spacer=5-10bp;gc_cont=0.402
NODE_2_length_840748_cov_42.698360:367611-368150|-    -            180 16595                -            209    0.0093   13.1   0.1   1   1   1.9e-05     0.014   12.5   0.1    97   152    63   123     3   140 0.71 NODE_2_length_840748_cov_42.698360_352 # 367611 # 368150 # -1 # ID=2_352;partial=00;start_type=ATG;rbs_motif=AGxAGG/AGGxGG;rbs_spacer=5-10bp;gc_cont=0.404
#
# Program:         hmmsearch
# Version:         3.4 (Aug 2023)
# Pipeline mode:   SEARCH
# Query file:      /sw/data/local/BUSCO_Data/v5/lineages/enterococcus_odb12/hmms/16595at1350.hmm
# Target file:     /home/dich3309/rnaseq-tnseq-enterococcus-analysis/analyses/03_assembly_evaluation/busco_enterococcus_odb12/spades_scaffolds_nanopore_illumina_enterococcus_odb12/prodigal_output/predicted_genes/predicted.faa
# Option settings: hmmsearch --domtblout /home/dich3309/rnaseq-tnseq-enterococcus-analysis/analyses/03_assembly_evaluation/busco_enterococcus_odb12/spades_scaffolds_nanopore_illumina_enterococcus_odb12/run_enterococcus_odb12/hmmer_output/16595at1350.out --cpu 1 /sw/data/local/BUSCO_Data/v5/lineages/enterococcus_odb12/hmms/16595at1350.hmm /home/dich3309/rnaseq-tnseq-enterococcus-analysis/analyses/03_assembly_evaluation/busco_enterococcus_odb12/spades_scaffolds_nanopore_illumina_enterococcus_odb12/prodigal_output/predicted_genes/predicted.faa 
# Current dir:     /gorilla/home/dich3309/rnaseq-tnseq-enterococcus-analysis/code
# Date:            Tue Apr 28 22:13:00 2026
# [ok]
