#                                                                                                             --- full sequence --- -------------- this domain -------------   hmm coord   ali coord   env coord
# target name                                         accession   tlen query name           accession   qlen   E-value  score  bias   #  of  c-Evalue  i-Evalue  score  bias  from    to  from    to  from    to  acc description of target
#                                 ------------------- ---------- ----- -------------------- ---------- ----- --------- ------ ----- --- --- --------- --------- ------ ----- ----- ----- ----- ----- ----- ----- ---- ---------------------
NODE_2_length_840748_cov_42.698360:411248-411760|-    -            171 16922                -            170  2.8e-111  366.4   1.2   1   1  5.1e-114  3.1e-111  366.3   1.2     1   170     1   170     1   170 1.00 NODE_2_length_840748_cov_42.698360_395 # 411248 # 411760 # -1 # ID=2_395;partial=00;start_type=GTG;rbs_motif=AGGAGG;rbs_spacer=5-10bp;gc_cont=0.417
NODE_1_length_1652082_cov_46.167482:1606601-1607419|+ -            273 16922                -            170   4.3e-13   46.9   0.0   1   1   9.9e-16   6.1e-13   46.4   0.0    23   163   105   247    79   253 0.87 NODE_1_length_1652082_cov_46.167482_1556 # 1606601 # 1607419 # 1 # ID=1_1556;partial=00;start_type=GTG;rbs_motif=AGGAG;rbs_spacer=5-10bp;gc_cont=0.400
NODE_2_length_840748_cov_42.698360:524187-524768|-    -            194 16922                -            170   4.1e-10   37.2   0.1   1   1   8.5e-13   5.2e-10   36.8   0.1    36   162    38   168    22   176 0.85 NODE_2_length_840748_cov_42.698360_500 # 524187 # 524768 # -1 # ID=2_500;partial=00;start_type=GTG;rbs_motif=AGGAG;rbs_spacer=5-10bp;gc_cont=0.400
NODE_2_length_840748_cov_42.698360:367611-368150|-    -            180 16922                -            170   0.00054   17.2   0.4   1   2   8.6e-06    0.0053   14.0   0.1   109   138    93   122     5   140 0.79 NODE_2_length_840748_cov_42.698360_352 # 367611 # 368150 # -1 # ID=2_352;partial=00;start_type=ATG;rbs_motif=AGxAGG/AGGxGG;rbs_spacer=5-10bp;gc_cont=0.404
NODE_2_length_840748_cov_42.698360:367611-368150|-    -            180 16922                -            170   0.00054   17.2   0.4   2   2      0.11        68    0.7   0.0   146   160   159   173   145   176 0.89 NODE_2_length_840748_cov_42.698360_352 # 367611 # 368150 # -1 # ID=2_352;partial=00;start_type=ATG;rbs_motif=AGxAGG/AGGxGG;rbs_spacer=5-10bp;gc_cont=0.404
NODE_2_length_840748_cov_42.698360:356699-357328|-    -            210 16922                -            170    0.0008   16.7   0.0   1   1   1.7e-06     0.001   16.3   0.0   107   168   111   174    82   176 0.87 NODE_2_length_840748_cov_42.698360_342 # 356699 # 357328 # -1 # ID=2_342;partial=00;start_type=ATG;rbs_motif=GGAG/GAGG;rbs_spacer=5-10bp;gc_cont=0.394
#
# Program:         hmmsearch
# Version:         3.4 (Aug 2023)
# Pipeline mode:   SEARCH
# Query file:      /sw/data/local/BUSCO_Data/v5/lineages/enterococcus_odb12/hmms/16922at1350.hmm
# Target file:     /home/dich3309/rnaseq-tnseq-enterococcus-analysis/analyses/03_assembly_evaluation/busco_enterococcus_odb12/spades_scaffolds_nanopore_illumina_enterococcus_odb12/prodigal_output/predicted_genes/predicted.faa
# Option settings: hmmsearch --domtblout /home/dich3309/rnaseq-tnseq-enterococcus-analysis/analyses/03_assembly_evaluation/busco_enterococcus_odb12/spades_scaffolds_nanopore_illumina_enterococcus_odb12/run_enterococcus_odb12/hmmer_output/16922at1350.out --cpu 1 /sw/data/local/BUSCO_Data/v5/lineages/enterococcus_odb12/hmms/16922at1350.hmm /home/dich3309/rnaseq-tnseq-enterococcus-analysis/analyses/03_assembly_evaluation/busco_enterococcus_odb12/spades_scaffolds_nanopore_illumina_enterococcus_odb12/prodigal_output/predicted_genes/predicted.faa 
# Current dir:     /gorilla/home/dich3309/rnaseq-tnseq-enterococcus-analysis/code
# Date:            Tue Apr 28 22:13:02 2026
# [ok]
