#                                                                                                             --- full sequence --- -------------- this domain -------------   hmm coord   ali coord   env coord
# target name                                         accession   tlen query name           accession   qlen   E-value  score  bias   #  of  c-Evalue  i-Evalue  score  bias  from    to  from    to  from    to  acc description of target
#                                 ------------------- ---------- ----- -------------------- ---------- ----- --------- ------ ----- --- --- --------- --------- ------ ----- ----- ----- ----- ----- ----- ----- ---- ---------------------
NODE_1_length_1652082_cov_46.167482:1164019-1165437|- -            473 18451                -            469  6.7e-280  926.3   6.6   1   1  7.3e-283  7.5e-280  926.1   6.6     1   469     1   472     1   472 0.99 NODE_1_length_1652082_cov_46.167482_1140 # 1164019 # 1165437 # -1 # ID=1_1140;partial=00;start_type=ATG;rbs_motif=GGAGG;rbs_spacer=5-10bp;gc_cont=0.419
NODE_2_length_840748_cov_42.698360:618025-619365|-    -            447 18451                -            469   1.8e-93  311.6   1.1   1   1   5.3e-96   5.5e-93  310.0   1.1    10   468     7   444     1   445 0.92 NODE_2_length_840748_cov_42.698360_596 # 618025 # 619365 # -1 # ID=2_596;partial=00;start_type=ATG;rbs_motif=AGGAGG;rbs_spacer=5-10bp;gc_cont=0.394
NODE_1_length_1652082_cov_46.167482:323110-324249|-   -            380 18451                -            469   2.8e-13   47.2   2.3   1   3   4.7e-14   4.8e-11   39.8   0.1    49   155    30   141     2   147 0.84 NODE_1_length_1652082_cov_46.167482_328 # 323110 # 324249 # -1 # ID=1_328;partial=00;start_type=ATG;rbs_motif=GGAG/GAGG;rbs_spacer=5-10bp;gc_cont=0.413
NODE_1_length_1652082_cov_46.167482:323110-324249|-   -            380 18451                -            469   2.8e-13   47.2   2.3   2   3    0.0007      0.72    6.3   0.1   261   292   181   212   171   236 0.79 NODE_1_length_1652082_cov_46.167482_328 # 323110 # 324249 # -1 # ID=1_328;partial=00;start_type=ATG;rbs_motif=GGAG/GAGG;rbs_spacer=5-10bp;gc_cont=0.413
NODE_1_length_1652082_cov_46.167482:323110-324249|-   -            380 18451                -            469   2.8e-13   47.2   2.3   3   3      0.16   1.6e+02   -1.5   0.0   433   456   343   366   262   375 0.78 NODE_1_length_1652082_cov_46.167482_328 # 323110 # 324249 # -1 # ID=1_328;partial=00;start_type=ATG;rbs_motif=GGAG/GAGG;rbs_spacer=5-10bp;gc_cont=0.413
#
# Program:         hmmsearch
# Version:         3.4 (Aug 2023)
# Pipeline mode:   SEARCH
# Query file:      /sw/data/local/BUSCO_Data/v5/lineages/enterococcus_odb12/hmms/18451at1350.hmm
# Target file:     /home/dich3309/rnaseq-tnseq-enterococcus-analysis/analyses/03_assembly_evaluation/busco_enterococcus_odb12/spades_scaffolds_nanopore_illumina_enterococcus_odb12/prodigal_output/predicted_genes/predicted.faa
# Option settings: hmmsearch --domtblout /home/dich3309/rnaseq-tnseq-enterococcus-analysis/analyses/03_assembly_evaluation/busco_enterococcus_odb12/spades_scaffolds_nanopore_illumina_enterococcus_odb12/run_enterococcus_odb12/hmmer_output/18451at1350.out --cpu 1 /sw/data/local/BUSCO_Data/v5/lineages/enterococcus_odb12/hmms/18451at1350.hmm /home/dich3309/rnaseq-tnseq-enterococcus-analysis/analyses/03_assembly_evaluation/busco_enterococcus_odb12/spades_scaffolds_nanopore_illumina_enterococcus_odb12/prodigal_output/predicted_genes/predicted.faa 
# Current dir:     /gorilla/home/dich3309/rnaseq-tnseq-enterococcus-analysis/code
# Date:            Tue Apr 28 22:13:10 2026
# [ok]
