#                                                                                                             --- full sequence --- -------------- this domain -------------   hmm coord   ali coord   env coord
# target name                                         accession   tlen query name           accession   qlen   E-value  score  bias   #  of  c-Evalue  i-Evalue  score  bias  from    to  from    to  from    to  acc description of target
#                                 ------------------- ---------- ----- -------------------- ---------- ----- --------- ------ ----- --- --- --------- --------- ------ ----- ----- ----- ----- ----- ----- ----- ---- ---------------------
NODE_2_length_840748_cov_42.698360:752934-753674|-    -            247 18806                -            241  9.1e-136  448.6  11.9   1   1    2e-138    1e-135  448.4  11.9     1   241     1   245     1   245 0.97 NODE_2_length_840748_cov_42.698360_708 # 752934 # 753674 # -1 # ID=2_708;partial=00;start_type=ATG;rbs_motif=GGA/GAG/AGG;rbs_spacer=5-10bp;gc_cont=0.386
NODE_1_length_1652082_cov_46.167482:556277-557116|-   -            280 18806                -            241   1.7e-09   35.2   0.0   1   1   5.9e-12     3e-09   34.3   0.0    35    99   115   181   104   191 0.87 NODE_1_length_1652082_cov_46.167482_543 # 556277 # 557116 # -1 # ID=1_543;partial=00;start_type=ATG;rbs_motif=GGA/GAG/AGG;rbs_spacer=11-12bp;gc_cont=0.385
NODE_1_length_1652082_cov_46.167482:1363882-1364487|- -            202 18806                -            241   4.2e-05   20.8   0.0   1   1   1.1e-07   5.5e-05   20.4   0.0    24   131    52   158    23   169 0.76 NODE_1_length_1652082_cov_46.167482_1344 # 1363882 # 1364487 # -1 # ID=1_1344;partial=00;start_type=ATG;rbs_motif=AGxAGG/AGGxGG;rbs_spacer=5-10bp;gc_cont=0.416
NODE_3_length_245057_cov_46.274867:85603-86469|-      -            289 18806                -            241    0.0011   16.2   0.0   1   1   2.9e-06    0.0015   15.7   0.0    13    77    73   139    61   194 0.83 NODE_3_length_245057_cov_46.274867_114 # 85603 # 86469 # -1 # ID=3_114;partial=00;start_type=ATG;rbs_motif=GGAG/GAGG;rbs_spacer=5-10bp;gc_cont=0.376
NODE_1_length_1652082_cov_46.167482:559450-560052|+   -            201 18806                -            241    0.0031   14.6   0.0   1   1   9.4e-06    0.0048   14.0   0.0    32   143    38   147     6   195 0.73 NODE_1_length_1652082_cov_46.167482_548 # 559450 # 560052 # 1 # ID=1_548;partial=00;start_type=ATG;rbs_motif=AGGAG;rbs_spacer=5-10bp;gc_cont=0.405
NODE_1_length_1652082_cov_46.167482:518505-519389|-   -            295 18806                -            241     0.013   12.6   0.0   1   1     4e-05     0.021   11.9   0.0    29    81    47   100    39   115 0.77 NODE_1_length_1652082_cov_46.167482_509 # 518505 # 519389 # -1 # ID=1_509;partial=00;start_type=ATG;rbs_motif=GGAGG;rbs_spacer=5-10bp;gc_cont=0.385
#
# Program:         hmmsearch
# Version:         3.4 (Aug 2023)
# Pipeline mode:   SEARCH
# Query file:      /sw/data/local/BUSCO_Data/v5/lineages/enterococcus_odb12/hmms/18806at1350.hmm
# Target file:     /home/dich3309/rnaseq-tnseq-enterococcus-analysis/analyses/03_assembly_evaluation/busco_enterococcus_odb12/spades_scaffolds_nanopore_illumina_enterococcus_odb12/prodigal_output/predicted_genes/predicted.faa
# Option settings: hmmsearch --domtblout /home/dich3309/rnaseq-tnseq-enterococcus-analysis/analyses/03_assembly_evaluation/busco_enterococcus_odb12/spades_scaffolds_nanopore_illumina_enterococcus_odb12/run_enterococcus_odb12/hmmer_output/18806at1350.out --cpu 1 /sw/data/local/BUSCO_Data/v5/lineages/enterococcus_odb12/hmms/18806at1350.hmm /home/dich3309/rnaseq-tnseq-enterococcus-analysis/analyses/03_assembly_evaluation/busco_enterococcus_odb12/spades_scaffolds_nanopore_illumina_enterococcus_odb12/prodigal_output/predicted_genes/predicted.faa 
# Current dir:     /gorilla/home/dich3309/rnaseq-tnseq-enterococcus-analysis/code
# Date:            Tue Apr 28 22:13:12 2026
# [ok]
