#                                                                                                             --- full sequence --- -------------- this domain -------------   hmm coord   ali coord   env coord
# target name                                         accession   tlen query name           accession   qlen   E-value  score  bias   #  of  c-Evalue  i-Evalue  score  bias  from    to  from    to  from    to  acc description of target
#                                 ------------------- ---------- ----- -------------------- ---------- ----- --------- ------ ----- --- --- --------- --------- ------ ----- ----- ----- ----- ----- ----- ----- ---- ---------------------
NODE_1_length_1652082_cov_46.167482:1620832-1622190|+ -            453 19463                -            447  1.2e-244  809.5   0.0   1   1  2.7e-247  1.4e-244  809.3   0.0     1   447     4   452     4   452 0.99 NODE_1_length_1652082_cov_46.167482_1570 # 1620832 # 1622190 # 1 # ID=1_1570;partial=00;start_type=ATG;rbs_motif=AGxAGG/AGGxGG;rbs_spacer=5-10bp;gc_cont=0.412
NODE_1_length_1652082_cov_46.167482:478680-480050|-   -            457 19463                -            447   1.8e-41  139.8   0.0   1   1   4.9e-44   2.5e-41  139.3   0.0   227   444    78   300    48   302 0.85 NODE_1_length_1652082_cov_46.167482_475 # 478680 # 480050 # -1 # ID=1_475;partial=00;start_type=ATG;rbs_motif=None;rbs_spacer=None;gc_cont=0.403
NODE_1_length_1652082_cov_46.167482:698786-699235|-   -            150 19463                -            447   5.9e-12   42.5   0.0   1   1   1.2e-14   6.3e-12   42.4   0.0    47   131    56   143     6   147 0.84 NODE_1_length_1652082_cov_46.167482_704 # 698786 # 699235 # -1 # ID=1_704;partial=00;start_type=ATG;rbs_motif=GGAG/GAGG;rbs_spacer=5-10bp;gc_cont=0.376
NODE_3_length_245057_cov_46.274867:233176-233742|+    -            189 19463                -            447   0.00076   15.8   0.1   1   1     2e-06     0.001   15.4   0.1   252   309    17    74     7    91 0.90 NODE_3_length_245057_cov_46.274867_228 # 233176 # 233742 # 1 # ID=3_228;partial=00;start_type=ATG;rbs_motif=GGA/GAG/AGG;rbs_spacer=5-10bp;gc_cont=0.409
NODE_1_length_1652082_cov_46.167482:713386-714069|-   -            228 19463                -            447    0.0032   13.7   0.0   1   1   8.5e-06    0.0044   13.3   0.0   254   333    61   139    42   145 0.83 NODE_1_length_1652082_cov_46.167482_720 # 713386 # 714069 # -1 # ID=1_720;partial=00;start_type=ATG;rbs_motif=AGGAGG;rbs_spacer=5-10bp;gc_cont=0.402
NODE_2_length_840748_cov_42.698360:478255-478815|-    -            187 19463                -            447    0.0035   13.6   0.0   1   1   8.9e-06    0.0046   13.2   0.0   256   336    43   123    38   131 0.82 NODE_2_length_840748_cov_42.698360_462 # 478255 # 478815 # -1 # ID=2_462;partial=00;start_type=ATG;rbs_motif=AGGAG;rbs_spacer=5-10bp;gc_cont=0.392
#
# Program:         hmmsearch
# Version:         3.4 (Aug 2023)
# Pipeline mode:   SEARCH
# Query file:      /sw/data/local/BUSCO_Data/v5/lineages/enterococcus_odb12/hmms/19463at1350.hmm
# Target file:     /home/dich3309/rnaseq-tnseq-enterococcus-analysis/analyses/03_assembly_evaluation/busco_enterococcus_odb12/spades_scaffolds_nanopore_illumina_enterococcus_odb12/prodigal_output/predicted_genes/predicted.faa
# Option settings: hmmsearch --domtblout /home/dich3309/rnaseq-tnseq-enterococcus-analysis/analyses/03_assembly_evaluation/busco_enterococcus_odb12/spades_scaffolds_nanopore_illumina_enterococcus_odb12/run_enterococcus_odb12/hmmer_output/19463at1350.out --cpu 1 /sw/data/local/BUSCO_Data/v5/lineages/enterococcus_odb12/hmms/19463at1350.hmm /home/dich3309/rnaseq-tnseq-enterococcus-analysis/analyses/03_assembly_evaluation/busco_enterococcus_odb12/spades_scaffolds_nanopore_illumina_enterococcus_odb12/prodigal_output/predicted_genes/predicted.faa 
# Current dir:     /gorilla/home/dich3309/rnaseq-tnseq-enterococcus-analysis/code
# Date:            Tue Apr 28 22:13:15 2026
# [ok]
