#                                                                                                             --- full sequence --- -------------- this domain -------------   hmm coord   ali coord   env coord
# target name                                         accession   tlen query name           accession   qlen   E-value  score  bias   #  of  c-Evalue  i-Evalue  score  bias  from    to  from    to  from    to  acc description of target
#                                 ------------------- ---------- ----- -------------------- ---------- ----- --------- ------ ----- --- --- --------- --------- ------ ----- ----- ----- ----- ----- ----- ----- ---- ---------------------
NODE_2_length_840748_cov_42.698360:765669-766109|-    -            147 19810                -            146   1.6e-88  291.7   7.1   1   1   3.4e-91   1.7e-88  291.6   7.1     1   146     1   146     1   146 1.00 NODE_2_length_840748_cov_42.698360_725 # 765669 # 766109 # -1 # ID=2_725;partial=00;start_type=ATG;rbs_motif=GGA/GAG/AGG;rbs_spacer=5-10bp;gc_cont=0.397
NODE_1_length_1652082_cov_46.167482:103456-103935|-   -            160 19810                -            146   7.9e-12   43.0   2.0   1   1   1.8e-14   9.4e-12   42.7   2.0     4   145     6   150     3   151 0.86 NODE_1_length_1652082_cov_46.167482_122 # 103456 # 103935 # -1 # ID=1_122;partial=00;start_type=GTG;rbs_motif=GGAG/GAGG;rbs_spacer=5-10bp;gc_cont=0.304
NODE_2_length_840748_cov_42.698360:400741-401184|-    -            148 19810                -            146   1.2e-09   35.9   0.6   1   1   2.4e-12   1.3e-09   35.8   0.6     8   144     8   145     1   147 0.91 NODE_2_length_840748_cov_42.698360_384 # 400741 # 401184 # -1 # ID=2_384;partial=00;start_type=ATG;rbs_motif=AGxAGG/AGGxGG;rbs_spacer=5-10bp;gc_cont=0.338
NODE_2_length_840748_cov_42.698360:271994-272434|-    -            147 19810                -            146   3.2e-09   34.5   0.1   1   1   7.6e-12   3.9e-09   34.2   0.1    46   119    43   117    17   144 0.71 NODE_2_length_840748_cov_42.698360_264 # 271994 # 272434 # -1 # ID=2_264;partial=00;start_type=ATG;rbs_motif=GGAGG;rbs_spacer=5-10bp;gc_cont=0.376
NODE_1_length_1652082_cov_46.167482:1112072-1112524|- -            151 19810                -            146   0.00016   19.2   0.1   1   1   3.8e-07    0.0002   19.0   0.1    57   138    50   131     5   141 0.80 NODE_1_length_1652082_cov_46.167482_1087 # 1112072 # 1112524 # -1 # ID=1_1087;partial=00;start_type=ATG;rbs_motif=AGxAGG/AGGxGG;rbs_spacer=5-10bp;gc_cont=0.355
NODE_1_length_1652082_cov_46.167482:1569444-1569908|+ -            155 19810                -            146    0.0013   16.3   0.2   1   1   3.1e-06    0.0016   16.0   0.2    55   141    50   136    14   141 0.82 NODE_1_length_1652082_cov_46.167482_1518 # 1569444 # 1569908 # 1 # ID=1_1518;partial=00;start_type=ATG;rbs_motif=AGGAGG;rbs_spacer=5-10bp;gc_cont=0.363
#
# Program:         hmmsearch
# Version:         3.4 (Aug 2023)
# Pipeline mode:   SEARCH
# Query file:      /sw/data/local/BUSCO_Data/v5/lineages/enterococcus_odb12/hmms/19810at1350.hmm
# Target file:     /home/dich3309/rnaseq-tnseq-enterococcus-analysis/analyses/03_assembly_evaluation/busco_enterococcus_odb12/spades_scaffolds_nanopore_illumina_enterococcus_odb12/prodigal_output/predicted_genes/predicted.faa
# Option settings: hmmsearch --domtblout /home/dich3309/rnaseq-tnseq-enterococcus-analysis/analyses/03_assembly_evaluation/busco_enterococcus_odb12/spades_scaffolds_nanopore_illumina_enterococcus_odb12/run_enterococcus_odb12/hmmer_output/19810at1350.out --cpu 1 /sw/data/local/BUSCO_Data/v5/lineages/enterococcus_odb12/hmms/19810at1350.hmm /home/dich3309/rnaseq-tnseq-enterococcus-analysis/analyses/03_assembly_evaluation/busco_enterococcus_odb12/spades_scaffolds_nanopore_illumina_enterococcus_odb12/prodigal_output/predicted_genes/predicted.faa 
# Current dir:     /gorilla/home/dich3309/rnaseq-tnseq-enterococcus-analysis/code
# Date:            Tue Apr 28 22:13:17 2026
# [ok]
