#                                                                                                             --- full sequence --- -------------- this domain -------------   hmm coord   ali coord   env coord
# target name                                         accession   tlen query name           accession   qlen   E-value  score  bias   #  of  c-Evalue  i-Evalue  score  bias  from    to  from    to  from    to  acc description of target
#                                 ------------------- ---------- ----- -------------------- ---------- ----- --------- ------ ----- --- --- --------- --------- ------ ----- ----- ----- ----- ----- ----- ----- ---- ---------------------
NODE_1_length_1652082_cov_46.167482:918386-919360|-   -            325 20214                -            317  2.3e-195  645.6   0.4   1   1  5.1e-198  2.6e-195  645.4   0.4     2   317     3   321     2   321 0.98 NODE_1_length_1652082_cov_46.167482_912 # 918386 # 919360 # -1 # ID=1_912;partial=00;start_type=ATG;rbs_motif=GGAGG;rbs_spacer=5-10bp;gc_cont=0.407
NODE_1_length_1652082_cov_46.167482:1609389-1610360|+ -            324 20214                -            317    2e-144  478.3   0.5   1   1  4.4e-147  2.3e-144  478.1   0.5     2   316     3   322     2   323 0.97 NODE_1_length_1652082_cov_46.167482_1558 # 1609389 # 1610360 # 1 # ID=1_1558;partial=00;start_type=ATG;rbs_motif=GGAGG;rbs_spacer=5-10bp;gc_cont=0.402
NODE_2_length_840748_cov_42.698360:356699-357328|-    -            210 20214                -            317   9.9e-06   22.6   0.0   1   1   2.4e-08   1.2e-05   22.3   0.0   170   280    68   183    53   197 0.83 NODE_2_length_840748_cov_42.698360_342 # 356699 # 357328 # -1 # ID=2_342;partial=00;start_type=ATG;rbs_motif=GGAG/GAGG;rbs_spacer=5-10bp;gc_cont=0.394
NODE_2_length_840748_cov_42.698360:513433-514872|-    -            480 20214                -            317   2.3e-05   21.4   0.0   1   1   7.7e-08     4e-05   20.6   0.0   206   247   343   384   335   411 0.89 NODE_2_length_840748_cov_42.698360_490 # 513433 # 514872 # -1 # ID=2_490;partial=00;start_type=ATG;rbs_motif=GGAGG;rbs_spacer=5-10bp;gc_cont=0.417
NODE_2_length_840748_cov_42.698360:367611-368150|-    -            180 20214                -            317    0.0033   14.3   0.1   1   1   2.2e-05     0.012   12.5   0.1   207   240    89   122    16   133 0.84 NODE_2_length_840748_cov_42.698360_352 # 367611 # 368150 # -1 # ID=2_352;partial=00;start_type=ATG;rbs_motif=AGxAGG/AGGxGG;rbs_spacer=5-10bp;gc_cont=0.404
NODE_1_length_1652082_cov_46.167482:299185-299904|-   -            240 20214                -            317      0.01   12.7   0.0   1   1   2.8e-05     0.014   12.2   0.0   209   243   197   231   188   237 0.86 NODE_1_length_1652082_cov_46.167482_298 # 299185 # 299904 # -1 # ID=1_298;partial=00;start_type=GTG;rbs_motif=AGxAGG/AGGxGG;rbs_spacer=11-12bp;gc_cont=0.389
#
# Program:         hmmsearch
# Version:         3.4 (Aug 2023)
# Pipeline mode:   SEARCH
# Query file:      /sw/data/local/BUSCO_Data/v5/lineages/enterococcus_odb12/hmms/20214at1350.hmm
# Target file:     /home/dich3309/rnaseq-tnseq-enterococcus-analysis/analyses/03_assembly_evaluation/busco_enterococcus_odb12/spades_scaffolds_nanopore_illumina_enterococcus_odb12/prodigal_output/predicted_genes/predicted.faa
# Option settings: hmmsearch --domtblout /home/dich3309/rnaseq-tnseq-enterococcus-analysis/analyses/03_assembly_evaluation/busco_enterococcus_odb12/spades_scaffolds_nanopore_illumina_enterococcus_odb12/run_enterococcus_odb12/hmmer_output/20214at1350.out --cpu 1 /sw/data/local/BUSCO_Data/v5/lineages/enterococcus_odb12/hmms/20214at1350.hmm /home/dich3309/rnaseq-tnseq-enterococcus-analysis/analyses/03_assembly_evaluation/busco_enterococcus_odb12/spades_scaffolds_nanopore_illumina_enterococcus_odb12/prodigal_output/predicted_genes/predicted.faa 
# Current dir:     /gorilla/home/dich3309/rnaseq-tnseq-enterococcus-analysis/code
# Date:            Tue Apr 28 22:13:19 2026
# [ok]
