#                                                                                                             --- full sequence --- -------------- this domain -------------   hmm coord   ali coord   env coord
# target name                                         accession   tlen query name           accession   qlen   E-value  score  bias   #  of  c-Evalue  i-Evalue  score  bias  from    to  from    to  from    to  acc description of target
#                                 ------------------- ---------- ----- -------------------- ---------- ----- --------- ------ ----- --- --- --------- --------- ------ ----- ----- ----- ----- ----- ----- ----- ---- ---------------------
NODE_1_length_1652082_cov_46.167482:1449304-1450272|- -            323 20235                -            310  2.9e-147  487.4   0.0   1   1  6.4e-150  3.3e-147  487.3   0.0     1   310     1   319     1   319 0.96 NODE_1_length_1652082_cov_46.167482_1412 # 1449304 # 1450272 # -1 # ID=1_1412;partial=00;start_type=ATG;rbs_motif=AGGAG;rbs_spacer=5-10bp;gc_cont=0.426
NODE_2_length_840748_cov_42.698360:114665-115417|+    -            251 20235                -            310    0.0001   19.3   0.7   1   1   3.1e-07   0.00016   18.6   0.7     4    94     7   100     4   115 0.80 NODE_2_length_840748_cov_42.698360_108 # 114665 # 115417 # 1 # ID=2_108;partial=00;start_type=ATG;rbs_motif=AGGA/GGAG/GAGG;rbs_spacer=11-12bp;gc_cont=0.384
NODE_4_length_212759_cov_102.864112:148533-149267|+   -            245 20235                -            310    0.0003   17.7   0.0   1   1   8.9e-07   0.00046   17.1   0.0    11    54    27    70    17    98 0.83 NODE_4_length_212759_cov_102.864112_144 # 148533 # 149267 # 1 # ID=4_144;partial=00;start_type=ATG;rbs_motif=AGGAG;rbs_spacer=5-10bp;gc_cont=0.389
NODE_2_length_840748_cov_42.698360:699027-699797|+    -            257 20235                -            310   0.00052   16.9   0.1   1   1   1.5e-06   0.00078   16.3   0.1     4    71    12    80     9   113 0.80 NODE_2_length_840748_cov_42.698360_673 # 699027 # 699797 # 1 # ID=2_673;partial=00;start_type=ATG;rbs_motif=AGGAGG;rbs_spacer=5-10bp;gc_cont=0.340
NODE_1_length_1652082_cov_46.167482:1244280-1244801|- -            174 20235                -            310    0.0014   15.5   0.1   1   1   3.3e-06    0.0017   15.2   0.1     4    67     8    71     5   103 0.78 NODE_1_length_1652082_cov_46.167482_1216 # 1244280 # 1244801 # -1 # ID=1_1216;partial=00;start_type=GTG;rbs_motif=AGGAGG;rbs_spacer=5-10bp;gc_cont=0.412
NODE_1_length_1652082_cov_46.167482:1373031-1373816|+ -            262 20235                -            310    0.0029   14.5   0.2   1   1   9.8e-06     0.005   13.7   0.2     7    83    10    84     1   108 0.69 NODE_1_length_1652082_cov_46.167482_1351 # 1373031 # 1373816 # 1 # ID=1_1351;partial=00;start_type=ATG;rbs_motif=GGAG/GAGG;rbs_spacer=5-10bp;gc_cont=0.387
#
# Program:         hmmsearch
# Version:         3.4 (Aug 2023)
# Pipeline mode:   SEARCH
# Query file:      /sw/data/local/BUSCO_Data/v5/lineages/enterococcus_odb12/hmms/20235at1350.hmm
# Target file:     /home/dich3309/rnaseq-tnseq-enterococcus-analysis/analyses/03_assembly_evaluation/busco_enterococcus_odb12/spades_scaffolds_nanopore_illumina_enterococcus_odb12/prodigal_output/predicted_genes/predicted.faa
# Option settings: hmmsearch --domtblout /home/dich3309/rnaseq-tnseq-enterococcus-analysis/analyses/03_assembly_evaluation/busco_enterococcus_odb12/spades_scaffolds_nanopore_illumina_enterococcus_odb12/run_enterococcus_odb12/hmmer_output/20235at1350.out --cpu 1 /sw/data/local/BUSCO_Data/v5/lineages/enterococcus_odb12/hmms/20235at1350.hmm /home/dich3309/rnaseq-tnseq-enterococcus-analysis/analyses/03_assembly_evaluation/busco_enterococcus_odb12/spades_scaffolds_nanopore_illumina_enterococcus_odb12/prodigal_output/predicted_genes/predicted.faa 
# Current dir:     /gorilla/home/dich3309/rnaseq-tnseq-enterococcus-analysis/code
# Date:            Tue Apr 28 22:13:19 2026
# [ok]
