#                                                                                                             --- full sequence --- -------------- this domain -------------   hmm coord   ali coord   env coord
# target name                                         accession   tlen query name           accession   qlen   E-value  score  bias   #  of  c-Evalue  i-Evalue  score  bias  from    to  from    to  from    to  acc description of target
#                                 ------------------- ---------- ----- -------------------- ---------- ----- --------- ------ ----- --- --- --------- --------- ------ ----- ----- ----- ----- ----- ----- ----- ---- ---------------------
NODE_1_length_1652082_cov_46.167482:1646194-1648305|+ -            704 22097                -            693         0 1495.2  16.8   1   1         0         0 1494.9  16.8     1   690     2   692     2   696 0.98 NODE_1_length_1652082_cov_46.167482_1592 # 1646194 # 1648305 # 1 # ID=1_1592;partial=00;start_type=ATG;rbs_motif=GGAGG;rbs_spacer=5-10bp;gc_cont=0.424
NODE_2_length_840748_cov_42.698360:581093-582493|-    -            467 22097                -            693   1.8e-05   20.4   0.0   1   2   2.6e-07   0.00016   17.2   0.0   220   276    52   110    32   167 0.77 NODE_2_length_840748_cov_42.698360_558 # 581093 # 582493 # -1 # ID=2_558;partial=00;start_type=ATG;rbs_motif=GGAG/GAGG;rbs_spacer=5-10bp;gc_cont=0.385
NODE_2_length_840748_cov_42.698360:581093-582493|-    -            467 22097                -            693   1.8e-05   20.4   0.0   2   2     0.025        16    0.8   0.0   279   294   273   288   253   320 0.73 NODE_2_length_840748_cov_42.698360_558 # 581093 # 582493 # -1 # ID=2_558;partial=00;start_type=ATG;rbs_motif=GGAG/GAGG;rbs_spacer=5-10bp;gc_cont=0.385
NODE_2_length_840748_cov_42.698360:110672-111922|+    -            417 22097                -            693   3.7e-05   19.4   0.0   1   1   9.6e-08   5.9e-05   18.7   0.0   223   295   114   192   105   213 0.84 NODE_2_length_840748_cov_42.698360_103 # 110672 # 111922 # 1 # ID=2_103;partial=00;start_type=ATG;rbs_motif=GGA/GAG/AGG;rbs_spacer=5-10bp;gc_cont=0.396
NODE_3_length_245057_cov_46.274867:124796-126082|+    -            429 22097                -            693   0.00014   17.4   0.0   1   1   3.7e-07   0.00023   16.7   0.0   211   250    32    69    18   104 0.85 NODE_3_length_245057_cov_46.274867_146 # 124796 # 126082 # 1 # ID=3_146;partial=00;start_type=ATG;rbs_motif=AGGAGG;rbs_spacer=5-10bp;gc_cont=0.445
NODE_1_length_1652082_cov_46.167482:1256795-1257796|- -            334 22097                -            693    0.0079   11.7   0.0   1   1   1.8e-05     0.011   11.2   0.0   222   254    56    88    42   119 0.89 NODE_1_length_1652082_cov_46.167482_1230 # 1256795 # 1257796 # -1 # ID=1_1230;partial=00;start_type=ATG;rbs_motif=AGGAGG;rbs_spacer=5-10bp;gc_cont=0.439
#
# Program:         hmmsearch
# Version:         3.4 (Aug 2023)
# Pipeline mode:   SEARCH
# Query file:      /sw/data/local/BUSCO_Data/v5/lineages/enterococcus_odb12/hmms/22097at1350.hmm
# Target file:     /home/dich3309/rnaseq-tnseq-enterococcus-analysis/analyses/03_assembly_evaluation/busco_enterococcus_odb12/spades_scaffolds_nanopore_illumina_enterococcus_odb12/prodigal_output/predicted_genes/predicted.faa
# Option settings: hmmsearch --domtblout /home/dich3309/rnaseq-tnseq-enterococcus-analysis/analyses/03_assembly_evaluation/busco_enterococcus_odb12/spades_scaffolds_nanopore_illumina_enterococcus_odb12/run_enterococcus_odb12/hmmer_output/22097at1350.out --cpu 1 /sw/data/local/BUSCO_Data/v5/lineages/enterococcus_odb12/hmms/22097at1350.hmm /home/dich3309/rnaseq-tnseq-enterococcus-analysis/analyses/03_assembly_evaluation/busco_enterococcus_odb12/spades_scaffolds_nanopore_illumina_enterococcus_odb12/prodigal_output/predicted_genes/predicted.faa 
# Current dir:     /gorilla/home/dich3309/rnaseq-tnseq-enterococcus-analysis/code
# Date:            Tue Apr 28 22:13:28 2026
# [ok]
