#                                                                                                             --- full sequence --- -------------- this domain -------------   hmm coord   ali coord   env coord
# target name                                         accession   tlen query name           accession   qlen   E-value  score  bias   #  of  c-Evalue  i-Evalue  score  bias  from    to  from    to  from    to  acc description of target
#                                 ------------------- ---------- ----- -------------------- ---------- ----- --------- ------ ----- --- --- --------- --------- ------ ----- ----- ----- ----- ----- ----- ----- ---- ---------------------
NODE_1_length_1652082_cov_46.167482:299185-299904|-   -            240 24137                -            215     5e-78  259.1  14.7   1   1   1.1e-79   6.8e-77  255.4  14.7     1   215     1   239     1   239 0.89 NODE_1_length_1652082_cov_46.167482_298 # 299185 # 299904 # -1 # ID=1_298;partial=00;start_type=GTG;rbs_motif=AGxAGG/AGGxGG;rbs_spacer=11-12bp;gc_cont=0.389
NODE_1_length_1652082_cov_46.167482:918386-919360|-   -            325 24137                -            215   2.5e-05   21.5   0.0   1   1   6.8e-08   4.2e-05   20.7   0.0   174   210   214   250   209   253 0.92 NODE_1_length_1652082_cov_46.167482_912 # 918386 # 919360 # -1 # ID=1_912;partial=00;start_type=ATG;rbs_motif=GGAGG;rbs_spacer=5-10bp;gc_cont=0.407
NODE_2_length_840748_cov_42.698360:367611-368150|-    -            180 24137                -            215   0.00018   18.7   0.0   1   2       1.3   7.9e+02   -3.0   0.0   163   183    16    36     5    50 0.65 NODE_2_length_840748_cov_42.698360_352 # 367611 # 368150 # -1 # ID=2_352;partial=00;start_type=ATG;rbs_motif=AGxAGG/AGGxGG;rbs_spacer=5-10bp;gc_cont=0.404
NODE_2_length_840748_cov_42.698360:367611-368150|-    -            180 24137                -            215   0.00018   18.7   0.0   2   2   5.6e-07   0.00034   17.7   0.0   175   203    93   121    82   132 0.84 NODE_2_length_840748_cov_42.698360_352 # 367611 # 368150 # -1 # ID=2_352;partial=00;start_type=ATG;rbs_motif=AGxAGG/AGGxGG;rbs_spacer=5-10bp;gc_cont=0.404
NODE_1_length_1652082_cov_46.167482:1645559-1646104|+ -            182 24137                -            215    0.0043   14.2   0.2   1   1   1.2e-05    0.0073   13.4   0.2   173   213    88   128    81   129 0.91 NODE_1_length_1652082_cov_46.167482_1591 # 1645559 # 1646104 # 1 # ID=1_1591;partial=00;start_type=ATG;rbs_motif=AGGAG;rbs_spacer=5-10bp;gc_cont=0.381
NODE_1_length_1652082_cov_46.167482:675749-676456|-   -            236 24137                -            215     0.011   12.9   0.1   1   1   2.7e-05     0.017   12.3   0.1   122   182    15    73     1   105 0.77 NODE_1_length_1652082_cov_46.167482_680 # 675749 # 676456 # -1 # ID=1_680;partial=00;start_type=ATG;rbs_motif=AGxAGG/AGGxGG;rbs_spacer=5-10bp;gc_cont=0.374
#
# Program:         hmmsearch
# Version:         3.4 (Aug 2023)
# Pipeline mode:   SEARCH
# Query file:      /sw/data/local/BUSCO_Data/v5/lineages/enterococcus_odb12/hmms/24137at1350.hmm
# Target file:     /home/dich3309/rnaseq-tnseq-enterococcus-analysis/analyses/03_assembly_evaluation/busco_enterococcus_odb12/spades_scaffolds_nanopore_illumina_enterococcus_odb12/prodigal_output/predicted_genes/predicted.faa
# Option settings: hmmsearch --domtblout /home/dich3309/rnaseq-tnseq-enterococcus-analysis/analyses/03_assembly_evaluation/busco_enterococcus_odb12/spades_scaffolds_nanopore_illumina_enterococcus_odb12/run_enterococcus_odb12/hmmer_output/24137at1350.out --cpu 1 /sw/data/local/BUSCO_Data/v5/lineages/enterococcus_odb12/hmms/24137at1350.hmm /home/dich3309/rnaseq-tnseq-enterococcus-analysis/analyses/03_assembly_evaluation/busco_enterococcus_odb12/spades_scaffolds_nanopore_illumina_enterococcus_odb12/prodigal_output/predicted_genes/predicted.faa 
# Current dir:     /gorilla/home/dich3309/rnaseq-tnseq-enterococcus-analysis/code
# Date:            Tue Apr 28 22:13:36 2026
# [ok]
