#                                                                                --- full sequence --- -------------- this domain -------------   hmm coord   ali coord   env coord
# target name            accession   tlen query name           accession   qlen   E-value  score  bias   #  of  c-Evalue  i-Evalue  score  bias  from    to  from    to  from    to  acc description of target
#    ------------------- ---------- ----- -------------------- ---------- ----- --------- ------ ----- --- --- --------- --------- ------ ----- ----- ----- ----- ----- ----- ----- ---- ---------------------
contig_43:836-1162|+     -            109 23202                -            289   2.1e-13   48.5   0.3   1   1   2.5e-16   2.6e-13   48.2   0.3   229   283    11    68     3    73 0.88 contig_43_1 # 836 # 1162 # 1 # ID=37_1;partial=00;start_type=TTG;rbs_motif=None;rbs_spacer=None;gc_cont=0.440
contig_4:10712-11089|-   -            126 23202                -            289   0.00019   19.1   1.9   1   2    0.0001       0.1   10.1   0.0    19    60     7    48     2    56 0.89 contig_4_15 # 10712 # 11089 # -1 # ID=33_15;partial=00;start_type=TTG;rbs_motif=None;rbs_spacer=None;gc_cont=0.450
contig_4:10712-11089|-   -            126 23202                -            289   0.00019   19.1   1.9   2   2    0.0003       0.3    8.6   0.6   229   265    70   106    59   114 0.84 contig_4_15 # 10712 # 11089 # -1 # ID=33_15;partial=00;start_type=TTG;rbs_motif=None;rbs_spacer=None;gc_cont=0.450
contig_32:24190-24390|+  -             67 23202                -            289   0.00087   16.9   0.0   1   1   8.6e-07   0.00087   16.9   0.0    65    84    35    54    15    60 0.92 contig_32_35 # 24190 # 24390 # 1 # ID=26_35;partial=00;start_type=TTG;rbs_motif=GGA/GAG/AGG;rbs_spacer=5-10bp;gc_cont=0.428
contig_2:366311-366604|- -             98 23202                -            289    0.0043   14.6   0.0   1   1   4.5e-06    0.0046   14.6   0.0   238   259    75    96     8    97 0.73 contig_2_474 # 366311 # 366604 # -1 # ID=12_474;partial=00;start_type=TTG;rbs_motif=None;rbs_spacer=None;gc_cont=0.415
contig_58:48327-48692|-  -            122 23202                -            289     0.028   12.0   0.9   1   2   8.1e-05     0.081   10.5   0.7   232   273    52    95    39   107 0.76 contig_58_71 # 48327 # 48692 # -1 # ID=53_71;partial=00;start_type=TTG;rbs_motif=None;rbs_spacer=None;gc_cont=0.470
contig_58:48327-48692|-  -            122 23202                -            289     0.028   12.0   0.9   2   2     0.021        21    2.5   0.1    17    39    87   109    84   116 0.89 contig_58_71 # 48327 # 48692 # -1 # ID=53_71;partial=00;start_type=TTG;rbs_motif=None;rbs_spacer=None;gc_cont=0.470
#
# Program:         hmmsearch
# Version:         3.4 (Aug 2023)
# Pipeline mode:   SEARCH
# Query file:      /sw/data/local/BUSCO_Data/v5/lineages/enterococcaceae_odb12/hmms/23202at81852.hmm
# Target file:     /home/dich3309/rnaseq-tnseq-enterococcus-analysis/analyses/03_assembly_evaluation/busco_enterococcaceae_odb12/flye_nanopore_enterococcaceae_odb12/prodigal_output/predicted_genes/predicted.faa
# Option settings: hmmsearch --domtblout /home/dich3309/rnaseq-tnseq-enterococcus-analysis/analyses/03_assembly_evaluation/busco_enterococcaceae_odb12/flye_nanopore_enterococcaceae_odb12/run_enterococcaceae_odb12/hmmer_output/23202at81852.out --cpu 1 /sw/data/local/BUSCO_Data/v5/lineages/enterococcaceae_odb12/hmms/23202at81852.hmm /home/dich3309/rnaseq-tnseq-enterococcus-analysis/analyses/03_assembly_evaluation/busco_enterococcaceae_odb12/flye_nanopore_enterococcaceae_odb12/prodigal_output/predicted_genes/predicted.faa 
# Current dir:     /gorilla/home/dich3309/rnaseq-tnseq-enterococcus-analysis/code
# Date:            Tue Apr 28 22:19:49 2026
# [ok]
