#                                                                                                          --- full sequence --- -------------- this domain -------------   hmm coord   ali coord   env coord
# target name                                      accession   tlen query name           accession   qlen   E-value  score  bias   #  of  c-Evalue  i-Evalue  score  bias  from    to  from    to  from    to  acc description of target
#                              ------------------- ---------- ----- -------------------- ---------- ----- --------- ------ ----- --- --- --------- --------- ------ ----- ----- ----- ----- ----- ----- ----- ---- ---------------------
NODE_9_length_122393_cov_64.141746:60149-60676|+   -            176 17372                -            159   1.6e-78  259.5   0.0   1   1     3e-81   1.8e-78  259.3   0.0     1   159     1   162     1   162 0.97 NODE_9_length_122393_cov_64.141746_53 # 60149 # 60676 # 1 # ID=9_53;partial=00;start_type=ATG;rbs_motif=AGGA;rbs_spacer=5-10bp;gc_cont=0.417
NODE_1_length_385945_cov_86.278628:166529-167047|+ -            173 17372                -            159   1.4e-64  214.2   0.1   1   1   2.7e-67   1.6e-64  214.0   0.1     1   158     1   162     1   163 0.96 NODE_1_length_385945_cov_86.278628_182 # 166529 # 167047 # 1 # ID=1_182;partial=00;start_type=ATG;rbs_motif=AGGAG;rbs_spacer=5-10bp;gc_cont=0.393
NODE_15_length_64299_cov_126.710842:2188-2685|+    -            166 17372                -            159   1.5e-50  168.6   1.3   1   1   2.9e-53   1.8e-50  168.4   1.3     3   159     4   161     2   161 0.96 NODE_15_length_64299_cov_126.710842_3 # 2188 # 2685 # 1 # ID=15_3;partial=00;start_type=ATG;rbs_motif=GGA/GAG/AGG;rbs_spacer=11-12bp;gc_cont=0.321
NODE_1_length_385945_cov_86.278628:8241-8762|+     -            174 17372                -            159    0.0012   16.2   0.0   1   1   2.7e-06    0.0016   15.8   0.0    38   106    45   123    18   137 0.75 NODE_1_length_385945_cov_86.278628_8 # 8241 # 8762 # 1 # ID=1_8;partial=00;start_type=ATG;rbs_motif=GGA/GAG/AGG;rbs_spacer=11-12bp;gc_cont=0.377
NODE_10_length_119333_cov_96.609128:10188-11033|+  -            282 17372                -            159     0.012   12.9   0.1   1   2   6.5e-05      0.04   11.3   0.0    27    78    37    88    26    95 0.92 NODE_10_length_119333_cov_96.609128_8 # 10188 # 11033 # 1 # ID=10_8;partial=00;start_type=TTG;rbs_motif=GGAG/GAGG;rbs_spacer=5-10bp;gc_cont=0.409
NODE_10_length_119333_cov_96.609128:10188-11033|+  -            282 17372                -            159     0.012   12.9   0.1   2   2       0.5   3.1e+02   -1.4   0.0    75   101   225   252   173   268 0.71 NODE_10_length_119333_cov_96.609128_8 # 10188 # 11033 # 1 # ID=10_8;partial=00;start_type=TTG;rbs_motif=GGAG/GAGG;rbs_spacer=5-10bp;gc_cont=0.409
#
# Program:         hmmsearch
# Version:         3.4 (Aug 2023)
# Pipeline mode:   SEARCH
# Query file:      /sw/data/local/BUSCO_Data/v5/lineages/enterococcaceae_odb12/hmms/17372at81852.hmm
# Target file:     /home/dich3309/rnaseq-tnseq-enterococcus-analysis/analyses/03_assembly_evaluation/busco_auto_lineage/spades_scaffolds_auto/prodigal_output/predicted_genes/predicted.faa
# Option settings: hmmsearch --domtblout /home/dich3309/rnaseq-tnseq-enterococcus-analysis/analyses/03_assembly_evaluation/busco_auto_lineage/spades_scaffolds_auto/run_enterococcaceae_odb12/hmmer_output/17372at81852.out --cpu 1 /sw/data/local/BUSCO_Data/v5/lineages/enterococcaceae_odb12/hmms/17372at81852.hmm /home/dich3309/rnaseq-tnseq-enterococcus-analysis/analyses/03_assembly_evaluation/busco_auto_lineage/spades_scaffolds_auto/prodigal_output/predicted_genes/predicted.faa 
# Current dir:     /gorilla/home/dich3309/rnaseq-tnseq-enterococcus-analysis/code
# Date:            Wed Apr 22 11:41:36 2026
# [ok]
