#                                                                                                          --- full sequence --- -------------- this domain -------------   hmm coord   ali coord   env coord
# target name                                      accession   tlen query name           accession   qlen   E-value  score  bias   #  of  c-Evalue  i-Evalue  score  bias  from    to  from    to  from    to  acc description of target
#                              ------------------- ---------- ----- -------------------- ---------- ----- --------- ------ ----- --- --- --------- --------- ------ ----- ----- ----- ----- ----- ----- ----- ---- ---------------------
NODE_4_length_193524_cov_77.069373:84059-84793|-   -            245 18611                -            244  1.9e-130  431.2   0.2   1   1  3.5e-133  2.1e-130  431.0   0.2     1   244     1   244     1   244 0.99 NODE_4_length_193524_cov_77.069373_68 # 84059 # 84793 # -1 # ID=4_68;partial=00;start_type=ATG;rbs_motif=GGAGG;rbs_spacer=5-10bp;gc_cont=0.410
NODE_16_length_62801_cov_61.371830:24855-25460|+   -            202 18611                -            244   4.6e-08   30.4   0.0   1   1   9.9e-11   6.1e-08   30.0   0.0    32   122    48   136    22   147 0.80 NODE_16_length_62801_cov_61.371830_24 # 24855 # 25460 # 1 # ID=16_24;partial=00;start_type=ATG;rbs_motif=AGxAGG/AGGxGG;rbs_spacer=5-10bp;gc_cont=0.414
NODE_8_length_133129_cov_72.724935:109247-110086|- -            280 18611                -            244   1.5e-05   22.2   0.0   1   1   3.6e-08   2.2e-05   21.6   0.0    45   166   115   238   106   262 0.79 NODE_8_length_133129_cov_72.724935_98 # 109247 # 110086 # -1 # ID=8_98;partial=00;start_type=ATG;rbs_motif=GGA/GAG/AGG;rbs_spacer=11-12bp;gc_cont=0.385
NODE_2_length_304403_cov_65.784473:56029-56589|+   -            187 18611                -            244   0.00022   18.4   0.0   1   1   4.4e-07   0.00027   18.0   0.0    44   133    43   134    32   155 0.89 NODE_2_length_304403_cov_65.784473_49 # 56029 # 56589 # 1 # ID=2_49;partial=00;start_type=ATG;rbs_motif=AGGAG;rbs_spacer=5-10bp;gc_cont=0.390
NODE_2_length_304403_cov_65.784473:252417-253583|- -            389 18611                -            244     0.005   13.9   0.0   1   2   2.6e-05     0.016   12.2   0.0    44   105   169   230   163   243 0.90 NODE_2_length_304403_cov_65.784473_238 # 252417 # 253583 # -1 # ID=2_238;partial=00;start_type=ATG;rbs_motif=AGGAGG;rbs_spacer=5-10bp;gc_cont=0.366
NODE_2_length_304403_cov_65.784473:252417-253583|- -            389 18611                -            244     0.005   13.9   0.0   2   2      0.87   5.3e+02   -2.6   0.0   142   169   245   271   232   275 0.79 NODE_2_length_304403_cov_65.784473_238 # 252417 # 253583 # -1 # ID=2_238;partial=00;start_type=ATG;rbs_motif=AGGAGG;rbs_spacer=5-10bp;gc_cont=0.366
#
# Program:         hmmsearch
# Version:         3.4 (Aug 2023)
# Pipeline mode:   SEARCH
# Query file:      /sw/data/local/BUSCO_Data/v5/lineages/enterococcaceae_odb12/hmms/18611at81852.hmm
# Target file:     /home/dich3309/rnaseq-tnseq-enterococcus-analysis/analyses/03_assembly_evaluation/busco_auto_lineage/spades_scaffolds_auto/prodigal_output/predicted_genes/predicted.faa
# Option settings: hmmsearch --domtblout /home/dich3309/rnaseq-tnseq-enterococcus-analysis/analyses/03_assembly_evaluation/busco_auto_lineage/spades_scaffolds_auto/run_enterococcaceae_odb12/hmmer_output/18611at81852.out --cpu 1 /sw/data/local/BUSCO_Data/v5/lineages/enterococcaceae_odb12/hmms/18611at81852.hmm /home/dich3309/rnaseq-tnseq-enterococcus-analysis/analyses/03_assembly_evaluation/busco_auto_lineage/spades_scaffolds_auto/prodigal_output/predicted_genes/predicted.faa 
# Current dir:     /gorilla/home/dich3309/rnaseq-tnseq-enterococcus-analysis/code
# Date:            Mon Apr 20 03:17:13 2026
# [ok]
