#                                                                                                          --- full sequence --- -------------- this domain -------------   hmm coord   ali coord   env coord
# target name                                      accession   tlen query name           accession   qlen   E-value  score  bias   #  of  c-Evalue  i-Evalue  score  bias  from    to  from    to  from    to  acc description of target
#                              ------------------- ---------- ----- -------------------- ---------- ----- --------- ------ ----- --- --- --------- --------- ------ ----- ----- ----- ----- ----- ----- ----- ---- ---------------------
NODE_19_length_43876_cov_94.008302:10561-11646|+   -            362 19321                -            360  3.3e-185  612.6   0.0   1   1  3.7e-188  3.8e-185  612.4   0.0     1   358     1   358     1   360 0.99 NODE_19_length_43876_cov_94.008302_12 # 10561 # 11646 # 1 # ID=19_12;partial=00;start_type=ATG;rbs_motif=GGAG/GAGG;rbs_spacer=5-10bp;gc_cont=0.420
NODE_19_length_43876_cov_94.008302:8634-9578|+     -            315 19321                -            360     6e-07   26.2   8.2   1   4     0.023        24    1.2   0.1     7    29    10    31     6    62 0.67 NODE_19_length_43876_cov_94.008302_10 # 8634 # 9578 # 1 # ID=19_10;partial=00;start_type=ATG;rbs_motif=AGGAG;rbs_spacer=5-10bp;gc_cont=0.416
NODE_19_length_43876_cov_94.008302:8634-9578|+     -            315 19321                -            360     6e-07   26.2   8.2   2   4     0.011        11    2.2   0.0   245   293    37    85    31    95 0.89 NODE_19_length_43876_cov_94.008302_10 # 8634 # 9578 # 1 # ID=19_10;partial=00;start_type=ATG;rbs_motif=AGGAG;rbs_spacer=5-10bp;gc_cont=0.416
NODE_19_length_43876_cov_94.008302:8634-9578|+     -            315 19321                -            360     6e-07   26.2   8.2   3   4   3.7e-05     0.038   10.4   0.1   114   168    98   152    76   163 0.84 NODE_19_length_43876_cov_94.008302_10 # 8634 # 9578 # 1 # ID=19_10;partial=00;start_type=ATG;rbs_motif=AGGAG;rbs_spacer=5-10bp;gc_cont=0.416
NODE_19_length_43876_cov_94.008302:8634-9578|+     -            315 19321                -            360     6e-07   26.2   8.2   4   4   8.3e-07   0.00086   15.8   1.1   216   344   176   299   167   313 0.82 NODE_19_length_43876_cov_94.008302_10 # 8634 # 9578 # 1 # ID=19_10;partial=00;start_type=ATG;rbs_motif=AGGAG;rbs_spacer=5-10bp;gc_cont=0.416
NODE_1_length_385945_cov_86.278628:241464-242348|+ -            295 19321                -            360    0.0043   13.5   0.0   1   1   6.6e-06    0.0068   12.8   0.0   270   319   117   165    71   173 0.84 NODE_1_length_385945_cov_86.278628_251 # 241464 # 242348 # 1 # ID=1_251;partial=00;start_type=ATG;rbs_motif=AGGA/GGAG/GAGG;rbs_spacer=11-12bp;gc_cont=0.407
#
# Program:         hmmsearch
# Version:         3.4 (Aug 2023)
# Pipeline mode:   SEARCH
# Query file:      /sw/data/local/BUSCO_Data/v5/lineages/enterococcaceae_odb12/hmms/19321at81852.hmm
# Target file:     /home/dich3309/rnaseq-tnseq-enterococcus-analysis/analyses/03_assembly_evaluation/busco_auto_lineage/spades_scaffolds_auto/prodigal_output/predicted_genes/predicted.faa
# Option settings: hmmsearch --domtblout /home/dich3309/rnaseq-tnseq-enterococcus-analysis/analyses/03_assembly_evaluation/busco_auto_lineage/spades_scaffolds_auto/run_enterococcaceae_odb12/hmmer_output/19321at81852.out --cpu 1 /sw/data/local/BUSCO_Data/v5/lineages/enterococcaceae_odb12/hmms/19321at81852.hmm /home/dich3309/rnaseq-tnseq-enterococcus-analysis/analyses/03_assembly_evaluation/busco_auto_lineage/spades_scaffolds_auto/prodigal_output/predicted_genes/predicted.faa 
# Current dir:     /gorilla/home/dich3309/rnaseq-tnseq-enterococcus-analysis/code
# Date:            Wed Apr 22 11:41:43 2026
# [ok]
