#                                                                                                          --- full sequence --- -------------- this domain -------------   hmm coord   ali coord   env coord
# target name                                      accession   tlen query name           accession   qlen   E-value  score  bias   #  of  c-Evalue  i-Evalue  score  bias  from    to  from    to  from    to  acc description of target
#                              ------------------- ---------- ----- -------------------- ---------- ----- --------- ------ ----- --- --- --------- --------- ------ ----- ----- ----- ----- ----- ----- ----- ---- ---------------------
NODE_1_length_385945_cov_86.278628:271202-272116|+ -            305 22027                -            304  2.6e-159  526.7   0.3   1   1  5.7e-162  2.9e-159  526.6   0.3     1   303     1   303     1   304 1.00 NODE_1_length_385945_cov_86.278628_279 # 271202 # 272116 # 1 # ID=1_279;partial=00;start_type=ATG;rbs_motif=AGGAGG;rbs_spacer=5-10bp;gc_cont=0.403
NODE_5_length_185063_cov_65.589034:170997-171947|+ -            317 22027                -            304     2e-80  267.7   0.0   1   1   5.2e-83   2.7e-80  267.2   0.0     2   301     3   305     2   307 0.98 NODE_5_length_185063_cov_65.589034_161 # 170997 # 171947 # 1 # ID=5_161;partial=00;start_type=ATG;rbs_motif=AGGAGG;rbs_spacer=5-10bp;gc_cont=0.384
NODE_6_length_183174_cov_88.861183:14151-15104|+   -            318 22027                -            304   2.1e-50  169.1   0.6   1   1   4.6e-53   2.4e-50  168.9   0.6     1   303     1   316     1   317 0.89 NODE_6_length_183174_cov_88.861183_18 # 14151 # 15104 # 1 # ID=6_18;partial=00;start_type=ATG;rbs_motif=AGGAG;rbs_spacer=5-10bp;gc_cont=0.352
NODE_12_length_96937_cov_75.325559:69283-70200|+   -            306 22027                -            304   2.6e-10   37.4   2.9   1   1   7.1e-13   3.7e-10   36.9   2.9    12   272    13   277     1   290 0.78 NODE_12_length_96937_cov_75.325559_63 # 69283 # 70200 # 1 # ID=12_63;partial=00;start_type=ATG;rbs_motif=GGAGG;rbs_spacer=5-10bp;gc_cont=0.435
NODE_6_length_183174_cov_88.861183:56-871|-        -            272 22027                -            304   2.7e-06   24.2   0.0   1   1   9.6e-09   4.9e-06   23.4   0.0   165   271   125   240   104   243 0.80 NODE_6_length_183174_cov_88.861183_1 # 56 # 871 # -1 # ID=6_1;partial=00;start_type=ATG;rbs_motif=GGAGG;rbs_spacer=5-10bp;gc_cont=0.403
NODE_2_length_304403_cov_65.784473:225921-226733|+ -            271 22027                -            304    0.0029   14.3   0.4   1   1   9.7e-06     0.005   13.5   0.2   165   250   121   213   102   251 0.67 NODE_2_length_304403_cov_65.784473_211 # 225921 # 226733 # 1 # ID=2_211;partial=00;start_type=ATG;rbs_motif=GGAGG;rbs_spacer=5-10bp;gc_cont=0.380
#
# Program:         hmmsearch
# Version:         3.4 (Aug 2023)
# Pipeline mode:   SEARCH
# Query file:      /sw/data/local/BUSCO_Data/v5/lineages/enterococcaceae_odb12/hmms/22027at81852.hmm
# Target file:     /home/dich3309/rnaseq-tnseq-enterococcus-analysis/analyses/03_assembly_evaluation/busco_auto_lineage/spades_scaffolds_auto/prodigal_output/predicted_genes/predicted.faa
# Option settings: hmmsearch --domtblout /home/dich3309/rnaseq-tnseq-enterococcus-analysis/analyses/03_assembly_evaluation/busco_auto_lineage/spades_scaffolds_auto/run_enterococcaceae_odb12/hmmer_output/22027at81852.out --cpu 1 /sw/data/local/BUSCO_Data/v5/lineages/enterococcaceae_odb12/hmms/22027at81852.hmm /home/dich3309/rnaseq-tnseq-enterococcus-analysis/analyses/03_assembly_evaluation/busco_auto_lineage/spades_scaffolds_auto/prodigal_output/predicted_genes/predicted.faa 
# Current dir:     /gorilla/home/dich3309/rnaseq-tnseq-enterococcus-analysis/code
# Date:            Wed Apr 22 11:41:50 2026
# [ok]
