#                                                                                                          --- full sequence --- -------------- this domain -------------   hmm coord   ali coord   env coord
# target name                                      accession   tlen query name           accession   qlen   E-value  score  bias   #  of  c-Evalue  i-Evalue  score  bias  from    to  from    to  from    to  acc description of target
#                              ------------------- ---------- ----- -------------------- ---------- ----- --------- ------ ----- --- --- --------- --------- ------ ----- ----- ----- ----- ----- ----- ----- ---- ---------------------
NODE_6_length_183174_cov_88.861183:103362-103838|- -            159 22419                -            167   1.2e-63  211.6   5.4   1   1   2.2e-66   1.4e-63  211.4   5.4     1   166     1   157     1   158 0.88 NODE_6_length_183174_cov_88.861183_92 # 103362 # 103838 # -1 # ID=6_92;partial=00;start_type=TTG;rbs_motif=GGAGG;rbs_spacer=5-10bp;gc_cont=0.392
NODE_2_length_304403_cov_65.784473:40683-42326|+   -            548 22419                -            167   5.2e-12   43.6   6.7   1   2   2.1e-08   1.3e-05   22.8   0.7   111   165    23    77    19    78 0.96 NODE_2_length_304403_cov_65.784473_37 # 40683 # 42326 # 1 # ID=2_37;partial=00;start_type=ATG;rbs_motif=GGA/GAG/AGG;rbs_spacer=11-12bp;gc_cont=0.428
NODE_2_length_304403_cov_65.784473:40683-42326|+   -            548 22419                -            167   5.2e-12   43.6   6.7   2   2   2.2e-08   1.4e-05   22.7   0.8   111   165   139   193   133   194 0.96 NODE_2_length_304403_cov_65.784473_37 # 40683 # 42326 # 1 # ID=2_37;partial=00;start_type=ATG;rbs_motif=GGA/GAG/AGG;rbs_spacer=11-12bp;gc_cont=0.428
NODE_2_length_304403_cov_65.784473:50588-54016|+   -           1143 22419                -            167   1.2e-08   32.7   0.3   1   1     4e-11   2.4e-08   31.7   0.3   112   166  1087  1141  1083  1142 0.95 NODE_2_length_304403_cov_65.784473_45 # 50588 # 54016 # 1 # ID=2_45;partial=00;start_type=ATG;rbs_motif=AGGAG;rbs_spacer=5-10bp;gc_cont=0.410
NODE_17_length_58686_cov_60.941844:3833-4171|+     -            113 22419                -            167    0.0019   15.8   0.0   1   1   4.1e-06    0.0025   15.4   0.0   113   148    43    78    35    86 0.92 NODE_17_length_58686_cov_60.941844_5 # 3833 # 4171 # 1 # ID=17_5;partial=00;start_type=ATG;rbs_motif=AGGAG/GGAGG;rbs_spacer=11-12bp;gc_cont=0.375
NODE_5_length_185063_cov_65.589034:30808-32589|+   -            594 22419                -            167      0.18    9.3   3.7   1   1   0.00049       0.3    8.6   3.0   112   147   124   162   120   174 0.84 NODE_5_length_185063_cov_65.589034_28 # 30808 # 32589 # 1 # ID=5_28;partial=00;start_type=TTG;rbs_motif=AGGAG;rbs_spacer=5-10bp;gc_cont=0.428
#
# Program:         hmmsearch
# Version:         3.4 (Aug 2023)
# Pipeline mode:   SEARCH
# Query file:      /sw/data/local/BUSCO_Data/v5/lineages/enterococcaceae_odb12/hmms/22419at81852.hmm
# Target file:     /home/dich3309/rnaseq-tnseq-enterococcus-analysis/analyses/03_assembly_evaluation/busco_auto_lineage/spades_scaffolds_auto/prodigal_output/predicted_genes/predicted.faa
# Option settings: hmmsearch --domtblout /home/dich3309/rnaseq-tnseq-enterococcus-analysis/analyses/03_assembly_evaluation/busco_auto_lineage/spades_scaffolds_auto/run_enterococcaceae_odb12/hmmer_output/22419at81852.out --cpu 1 /sw/data/local/BUSCO_Data/v5/lineages/enterococcaceae_odb12/hmms/22419at81852.hmm /home/dich3309/rnaseq-tnseq-enterococcus-analysis/analyses/03_assembly_evaluation/busco_auto_lineage/spades_scaffolds_auto/prodigal_output/predicted_genes/predicted.faa 
# Current dir:     /gorilla/home/dich3309/rnaseq-tnseq-enterococcus-analysis/code
# Date:            Mon Apr 20 03:17:22 2026
# [ok]
