#                                                                                                          --- full sequence --- -------------- this domain -------------   hmm coord   ali coord   env coord
# target name                                      accession   tlen query name           accession   qlen   E-value  score  bias   #  of  c-Evalue  i-Evalue  score  bias  from    to  from    to  from    to  acc description of target
#                              ------------------- ---------- ----- -------------------- ---------- ----- --------- ------ ----- --- --- --------- --------- ------ ----- ----- ----- ----- ----- ----- ----- ---- ---------------------
NODE_10_length_119333_cov_96.609128:6508-7314|-    -            269 28272                -            266   3.5e-96  319.0   6.6   1   1   5.2e-99     4e-96  318.8   6.6     1   265     1   264     1   265 0.98 NODE_10_length_119333_cov_96.609128_6 # 6508 # 7314 # -1 # ID=10_6;partial=00;start_type=ATG;rbs_motif=AGGAG;rbs_spacer=5-10bp;gc_cont=0.413
NODE_6_length_183174_cov_88.861183:110201-111088|- -            296 28272                -            266    0.0003   17.6   0.2   1   2   1.1e-06   0.00085   16.1   0.0     1    69     1    64     1   104 0.86 NODE_6_length_183174_cov_88.861183_101 # 110201 # 111088 # -1 # ID=6_101;partial=00;start_type=ATG;rbs_motif=AGGAGG;rbs_spacer=5-10bp;gc_cont=0.395
NODE_6_length_183174_cov_88.861183:110201-111088|- -            296 28272                -            266    0.0003   17.6   0.2   2   2      0.24   1.9e+02   -1.4   0.1   192   226   165   200   158   210 0.71 NODE_6_length_183174_cov_88.861183_101 # 110201 # 111088 # -1 # ID=6_101;partial=00;start_type=ATG;rbs_motif=AGGAGG;rbs_spacer=5-10bp;gc_cont=0.395
NODE_35_length_10293_cov_51.945322:8457-9377|-     -            307 28272                -            266     0.006   13.3   0.1   1   1   1.2e-05    0.0093   12.7   0.1     1    61     1    61     1   132 0.76 NODE_35_length_10293_cov_51.945322_7 # 8457 # 9377 # -1 # ID=35_7;partial=00;start_type=ATG;rbs_motif=AGGAGG;rbs_spacer=5-10bp;gc_cont=0.352
NODE_7_length_162800_cov_68.413407:75375-76652|+   -            426 28272                -            266     0.011   12.5   0.3   1   2   4.8e-05     0.037   10.8   0.3    26   115   117   201    69   205 0.86 NODE_7_length_162800_cov_68.413407_76 # 75375 # 76652 # 1 # ID=7_76;partial=00;start_type=ATG;rbs_motif=GGAG/GAGG;rbs_spacer=5-10bp;gc_cont=0.384
NODE_7_length_162800_cov_68.413407:75375-76652|+   -            426 28272                -            266     0.011   12.5   0.3   2   2      0.28   2.2e+02   -1.6   0.0    17    47   350   380   349   393 0.80 NODE_7_length_162800_cov_68.413407_76 # 75375 # 76652 # 1 # ID=7_76;partial=00;start_type=ATG;rbs_motif=GGAG/GAGG;rbs_spacer=5-10bp;gc_cont=0.384
#
# Program:         hmmsearch
# Version:         3.4 (Aug 2023)
# Pipeline mode:   SEARCH
# Query file:      /sw/data/local/BUSCO_Data/v5/lineages/enterococcaceae_odb12/hmms/28272at81852.hmm
# Target file:     /home/dich3309/rnaseq-tnseq-enterococcus-analysis/analyses/03_assembly_evaluation/busco_auto_lineage/spades_scaffolds_auto/prodigal_output/predicted_genes/predicted.faa
# Option settings: hmmsearch --domtblout /home/dich3309/rnaseq-tnseq-enterococcus-analysis/analyses/03_assembly_evaluation/busco_auto_lineage/spades_scaffolds_auto/run_enterococcaceae_odb12/hmmer_output/28272at81852.out --cpu 1 /sw/data/local/BUSCO_Data/v5/lineages/enterococcaceae_odb12/hmms/28272at81852.hmm /home/dich3309/rnaseq-tnseq-enterococcus-analysis/analyses/03_assembly_evaluation/busco_auto_lineage/spades_scaffolds_auto/prodigal_output/predicted_genes/predicted.faa 
# Current dir:     /gorilla/home/dich3309/rnaseq-tnseq-enterococcus-analysis/code
# Date:            Mon Apr 20 03:17:32 2026
# [ok]
