#                                                                                                        --- full sequence --- -------------- this domain -------------   hmm coord   ali coord   env coord
# target name                                    accession   tlen query name           accession   qlen   E-value  score  bias   #  of  c-Evalue  i-Evalue  score  bias  from    to  from    to  from    to  acc description of target
#                            ------------------- ---------- ----- -------------------- ---------- ----- --------- ------ ----- --- --- --------- --------- ------ ----- ----- ----- ----- ----- ----- ----- ---- ---------------------
NODE_18_length_58283_cov_66.770060:51454-52146|- -            231 28280                -            221  5.9e-100  330.5   0.7   1   1  6.5e-103  6.7e-100  330.3   0.7     1   221     7   227     7   227 0.99 NODE_18_length_58283_cov_66.770060_56 # 51454 # 52146 # -1 # ID=18_56;partial=00;start_type=TTG;rbs_motif=AGGAG;rbs_spacer=5-10bp;gc_cont=0.417
NODE_2_length_304403_cov_65.784473:58380-58997|+ -            206 28280                -            221    0.0064   13.2   0.1   1   2   0.00082      0.85    6.3   0.0    57    79   146   168   141   177 0.88 NODE_2_length_304403_cov_65.784473_52 # 58380 # 58997 # 1 # ID=2_52;partial=00;start_type=ATG;rbs_motif=GGA/GAG/AGG;rbs_spacer=5-10bp;gc_cont=0.406
NODE_2_length_304403_cov_65.784473:58380-58997|+ -            206 28280                -            221    0.0064   13.2   0.1   2   2    0.0028       2.8    4.6   0.1    61    82   180   201   175   204 0.87 NODE_2_length_304403_cov_65.784473_52 # 58380 # 58997 # 1 # ID=2_52;partial=00;start_type=ATG;rbs_motif=GGA/GAG/AGG;rbs_spacer=5-10bp;gc_cont=0.406
NODE_24_length_31976_cov_58.492972:1222-2448|-   -            409 28280                -            221    0.0089   12.7   2.4   1   3      0.61   6.2e+02   -3.1   0.1    66   102    21    57    17    77 0.69 NODE_24_length_31976_cov_58.492972_3 # 1222 # 2448 # -1 # ID=24_3;partial=00;start_type=TTG;rbs_motif=GGAG/GAGG;rbs_spacer=5-10bp;gc_cont=0.324
NODE_24_length_31976_cov_58.492972:1222-2448|-   -            409 28280                -            221    0.0089   12.7   2.4   2   3      0.69   7.1e+02   -3.3   0.0    84   135    85   132    82   135 0.55 NODE_24_length_31976_cov_58.492972_3 # 1222 # 2448 # -1 # ID=24_3;partial=00;start_type=TTG;rbs_motif=GGAG/GAGG;rbs_spacer=5-10bp;gc_cont=0.324
NODE_24_length_31976_cov_58.492972:1222-2448|-   -            409 28280                -            221    0.0089   12.7   2.4   3   3   7.2e-06    0.0073   13.0   0.4     4   129   180   305   177   316 0.80 NODE_24_length_31976_cov_58.492972_3 # 1222 # 2448 # -1 # ID=24_3;partial=00;start_type=TTG;rbs_motif=GGAG/GAGG;rbs_spacer=5-10bp;gc_cont=0.324
#
# Program:         hmmsearch
# Version:         3.4 (Aug 2023)
# Pipeline mode:   SEARCH
# Query file:      /sw/data/local/BUSCO_Data/v5/lineages/enterococcaceae_odb12/hmms/28280at81852.hmm
# Target file:     /home/dich3309/rnaseq-tnseq-enterococcus-analysis/analyses/03_assembly_evaluation/busco_auto_lineage/spades_scaffolds_auto/prodigal_output/predicted_genes/predicted.faa
# Option settings: hmmsearch --domtblout /home/dich3309/rnaseq-tnseq-enterococcus-analysis/analyses/03_assembly_evaluation/busco_auto_lineage/spades_scaffolds_auto/run_enterococcaceae_odb12/hmmer_output/28280at81852.out --cpu 1 /sw/data/local/BUSCO_Data/v5/lineages/enterococcaceae_odb12/hmms/28280at81852.hmm /home/dich3309/rnaseq-tnseq-enterococcus-analysis/analyses/03_assembly_evaluation/busco_auto_lineage/spades_scaffolds_auto/prodigal_output/predicted_genes/predicted.faa 
# Current dir:     /gorilla/home/dich3309/rnaseq-tnseq-enterococcus-analysis/code
# Date:            Mon Apr 20 03:17:32 2026
# [ok]
