#                                                                                                          --- full sequence --- -------------- this domain -------------   hmm coord   ali coord   env coord
# target name                                      accession   tlen query name           accession   qlen   E-value  score  bias   #  of  c-Evalue  i-Evalue  score  bias  from    to  from    to  from    to  acc description of target
#                              ------------------- ---------- ----- -------------------- ---------- ----- --------- ------ ----- --- --- --------- --------- ------ ----- ----- ----- ----- ----- ----- ----- ---- ---------------------
NODE_5_length_185063_cov_65.589034:82658-83377|+   -            240 29011                -            224   4.3e-73  243.0  12.7   1   1   1.9e-75   1.1e-72  241.6  12.7     1   224     1   239     1   239 0.92 NODE_5_length_185063_cov_65.589034_84 # 82658 # 83377 # 1 # ID=5_84;partial=00;start_type=GTG;rbs_motif=AGxAGG/AGGxGG;rbs_spacer=11-12bp;gc_cont=0.389
NODE_30_length_20136_cov_58.816694:3036-4010|+     -            325 29011                -            224   7.6e-06   23.1   0.0   1   1   2.2e-08   1.4e-05   22.3   0.0   183   219   214   250   210   253 0.92 NODE_30_length_20136_cov_58.816694_3 # 3036 # 4010 # 1 # ID=30_3;partial=00;start_type=ATG;rbs_motif=GGAGG;rbs_spacer=5-10bp;gc_cont=0.406
NODE_2_length_304403_cov_65.784473:166694-167233|+ -            180 29011                -            224   3.9e-05   20.8   0.0   1   1     1e-07   6.3e-05   20.1   0.0   184   213    93   122    80   133 0.81 NODE_2_length_304403_cov_65.784473_159 # 166694 # 167233 # 1 # ID=2_159;partial=00;start_type=ATG;rbs_motif=AGxAGG/AGGxGG;rbs_spacer=5-10bp;gc_cont=0.404
NODE_10_length_119333_cov_96.609128:52841-53386|+  -            182 29011                -            224     0.002   15.2   0.9   1   2      0.81     5e+02   -2.5   0.0    16    42     6    32     3    36 0.76 NODE_10_length_119333_cov_96.609128_47 # 52841 # 53386 # 1 # ID=10_47;partial=00;start_type=ATG;rbs_motif=AGGAG;rbs_spacer=5-10bp;gc_cont=0.381
NODE_10_length_119333_cov_96.609128:52841-53386|+  -            182 29011                -            224     0.002   15.2   0.9   2   2   4.1e-06    0.0026   14.8   0.2   178   222    84   128    74   130 0.89 NODE_10_length_119333_cov_96.609128_47 # 52841 # 53386 # 1 # ID=10_47;partial=00;start_type=ATG;rbs_motif=AGGAG;rbs_spacer=5-10bp;gc_cont=0.381
NODE_10_length_119333_cov_96.609128:16671-17642|+  -            324 29011                -            224      0.01   12.8   0.1   1   1   2.6e-05     0.016   12.2   0.1   176   217   209   250   199   255 0.84 NODE_10_length_119333_cov_96.609128_14 # 16671 # 17642 # 1 # ID=10_14;partial=00;start_type=ATG;rbs_motif=GGAGG;rbs_spacer=5-10bp;gc_cont=0.402
#
# Program:         hmmsearch
# Version:         3.4 (Aug 2023)
# Pipeline mode:   SEARCH
# Query file:      /sw/data/local/BUSCO_Data/v5/lineages/enterococcaceae_odb12/hmms/29011at81852.hmm
# Target file:     /home/dich3309/rnaseq-tnseq-enterococcus-analysis/analyses/03_assembly_evaluation/busco_auto_lineage/spades_scaffolds_auto/prodigal_output/predicted_genes/predicted.faa
# Option settings: hmmsearch --domtblout /home/dich3309/rnaseq-tnseq-enterococcus-analysis/analyses/03_assembly_evaluation/busco_auto_lineage/spades_scaffolds_auto/run_enterococcaceae_odb12/hmmer_output/29011at81852.out --cpu 1 /sw/data/local/BUSCO_Data/v5/lineages/enterococcaceae_odb12/hmms/29011at81852.hmm /home/dich3309/rnaseq-tnseq-enterococcus-analysis/analyses/03_assembly_evaluation/busco_auto_lineage/spades_scaffolds_auto/prodigal_output/predicted_genes/predicted.faa 
# Current dir:     /gorilla/home/dich3309/rnaseq-tnseq-enterococcus-analysis/code
# Date:            Mon Apr 20 03:17:34 2026
# [ok]
