#                                                                                 --- full sequence --- -------------- this domain -------------   hmm coord   ali coord   env coord
# target name             accession   tlen query name           accession   qlen   E-value  score  bias   #  of  c-Evalue  i-Evalue  score  bias  from    to  from    to  from    to  acc description of target
#     ------------------- ---------- ----- -------------------- ---------- ----- --------- ------ ----- --- --- --------- --------- ------ ----- ----- ----- ----- ----- ----- ----- ---- ---------------------
contig_1:92822-93472|+    -            217 19305                -            216  2.2e-126  417.1   0.8   1   1  3.2e-129  2.5e-126  416.9   0.8     1   216     1   216     1   216 1.00 contig_1_96 # 92822 # 93472 # 1 # ID=1_96;partial=00;start_type=ATG;rbs_motif=AGGAGG;rbs_spacer=5-10bp;gc_cont=0.415
contig_11:176716-177378|- -            221 19305                -            216   1.2e-81  270.9   4.5   1   1   1.7e-84   1.3e-81  270.7   4.5     1   215     1   216     1   217 0.98 contig_11_170 # 176716 # 177378 # -1 # ID=3_170;partial=00;start_type=ATG;rbs_motif=GGxGG;rbs_spacer=5-10bp;gc_cont=0.341
contig_1:529941-530579|+  -            213 19305                -            216   0.00025   18.1   0.0   1   2      0.01       7.9    3.4   0.0    40    94    37    93     6   109 0.60 contig_1_497 # 529941 # 530579 # 1 # ID=1_497;partial=00;start_type=ATG;rbs_motif=AGGA;rbs_spacer=5-10bp;gc_cont=0.413
contig_1:529941-530579|+  -            213 19305                -            216   0.00025   18.1   0.0   2   2   1.4e-05     0.011   12.8   0.0   155   214   147   206   138   208 0.92 contig_1_497 # 529941 # 530579 # 1 # ID=1_497;partial=00;start_type=ATG;rbs_motif=AGGA;rbs_spacer=5-10bp;gc_cont=0.413
contig_1:693682-694365|+  -            228 19305                -            216   0.00039   17.5   0.9   1   3     0.057        44    1.0   0.0    99   131    46    79    38    91 0.76 contig_1_659 # 693682 # 694365 # 1 # ID=1_659;partial=00;start_type=ATG;rbs_motif=AGGAG;rbs_spacer=5-10bp;gc_cont=0.405
contig_1:693682-694365|+  -            228 19305                -            216   0.00039   17.5   0.9   2   3   1.2e-05    0.0089   13.1   0.2   100   190    99   198    93   202 0.65 contig_1_659 # 693682 # 694365 # 1 # ID=1_659;partial=00;start_type=ATG;rbs_motif=AGGAG;rbs_spacer=5-10bp;gc_cont=0.405
contig_1:693682-694365|+  -            228 19305                -            216   0.00039   17.5   0.9   3   3     0.025        19    2.1   0.0    37    86   150   201   138   219 0.74 contig_1_659 # 693682 # 694365 # 1 # ID=1_659;partial=00;start_type=ATG;rbs_motif=AGGAG;rbs_spacer=5-10bp;gc_cont=0.405
#
# Program:         hmmsearch
# Version:         3.4 (Aug 2023)
# Pipeline mode:   SEARCH
# Query file:      /sw/data/local/BUSCO_Data/v5/lineages/enterococcus_odb12/hmms/19305at1350.hmm
# Target file:     /home/dich3309/rnaseq-tnseq-enterococcus-analysis/analyses/03_assembly_evaluation/busco_enterococcus_odb12/flye_pacbio_enterococcus_odb12/prodigal_output/predicted_genes/predicted.faa
# Option settings: hmmsearch --domtblout /home/dich3309/rnaseq-tnseq-enterococcus-analysis/analyses/03_assembly_evaluation/busco_enterococcus_odb12/flye_pacbio_enterococcus_odb12/run_enterococcus_odb12/hmmer_output/19305at1350.out --cpu 1 /sw/data/local/BUSCO_Data/v5/lineages/enterococcus_odb12/hmms/19305at1350.hmm /home/dich3309/rnaseq-tnseq-enterococcus-analysis/analyses/03_assembly_evaluation/busco_enterococcus_odb12/flye_pacbio_enterococcus_odb12/prodigal_output/predicted_genes/predicted.faa 
# Current dir:     /gorilla/home/dich3309/rnaseq-tnseq-enterococcus-analysis/code
# Date:            Tue Apr 28 22:14:05 2026
# [ok]
