#                                                                                  --- full sequence --- -------------- this domain -------------   hmm coord   ali coord   env coord
# target name              accession   tlen query name           accession   qlen   E-value  score  bias   #  of  c-Evalue  i-Evalue  score  bias  from    to  from    to  from    to  acc description of target
#      ------------------- ---------- ----- -------------------- ---------- ----- --------- ------ ----- --- --- --------- --------- ------ ----- ----- ----- ----- ----- ----- ----- ---- ---------------------
contig_1:859986-861266|+   -            427 20805                -            426  1.4e-264  874.6   0.6   1   1    2e-267  1.5e-264  874.5   0.6     1   426     1   426     1   426 1.00 contig_1_816 # 859986 # 861266 # 1 # ID=1_816;partial=00;start_type=ATG;rbs_motif=AGGAGG;rbs_spacer=5-10bp;gc_cont=0.429
contig_1:541348-542454|+   -            369 20805                -            426   3.4e-10   36.4   1.0   1   2   1.3e-08   9.6e-06   21.8   0.2     2   254     3   265     2   272 0.74 contig_1_511 # 541348 # 542454 # 1 # ID=1_511;partial=00;start_type=ATG;rbs_motif=GGAG/GAGG;rbs_spacer=5-10bp;gc_cont=0.376
contig_1:541348-542454|+   -            369 20805                -            426   3.4e-10   36.4   1.0   2   2   4.6e-06    0.0035   13.3   0.0   345   394   295   347   281   366 0.78 contig_1_511 # 541348 # 542454 # 1 # ID=1_511;partial=00;start_type=ATG;rbs_motif=GGAG/GAGG;rbs_spacer=5-10bp;gc_cont=0.376
contig_2:1044494-1045678|+ -            395 20805                -            426   2.6e-07   26.9   0.1   1   2   0.00024      0.18    7.6   0.0    17    67    15    68     2    99 0.67 contig_2_1000 # 1044494 # 1045678 # 1 # ID=5_1000;partial=00;start_type=ATG;rbs_motif=GGAG/GAGG;rbs_spacer=5-10bp;gc_cont=0.418
contig_2:1044494-1045678|+ -            395 20805                -            426   2.6e-07   26.9   0.1   2   2   2.7e-07    0.0002   17.4   0.0   326   384   306   365   245   387 0.83 contig_2_1000 # 1044494 # 1045678 # 1 # ID=5_1000;partial=00;start_type=ATG;rbs_motif=GGAG/GAGG;rbs_spacer=5-10bp;gc_cont=0.418
contig_1:234431-236185|-   -            585 20805                -            426   0.00023   17.2   0.3   1   2   6.5e-07    0.0005   16.1   0.1     4    64    21    78    18   102 0.87 contig_1_194 # 234431 # 236185 # -1 # ID=1_194;partial=00;start_type=TTG;rbs_motif=GGAGG;rbs_spacer=5-10bp;gc_cont=0.394
contig_1:234431-236185|-   -            585 20805                -            426   0.00023   17.2   0.3   2   2      0.74   5.6e+02   -3.8   0.0   349   379   298   329   297   336 0.81 contig_1_194 # 234431 # 236185 # -1 # ID=1_194;partial=00;start_type=TTG;rbs_motif=GGAGG;rbs_spacer=5-10bp;gc_cont=0.394
#
# Program:         hmmsearch
# Version:         3.4 (Aug 2023)
# Pipeline mode:   SEARCH
# Query file:      /sw/data/local/BUSCO_Data/v5/lineages/enterococcus_odb12/hmms/20805at1350.hmm
# Target file:     /home/dich3309/rnaseq-tnseq-enterococcus-analysis/analyses/03_assembly_evaluation/busco_enterococcus_odb12/flye_pacbio_enterococcus_odb12/prodigal_output/predicted_genes/predicted.faa
# Option settings: hmmsearch --domtblout /home/dich3309/rnaseq-tnseq-enterococcus-analysis/analyses/03_assembly_evaluation/busco_enterococcus_odb12/flye_pacbio_enterococcus_odb12/run_enterococcus_odb12/hmmer_output/20805at1350.out --cpu 1 /sw/data/local/BUSCO_Data/v5/lineages/enterococcus_odb12/hmms/20805at1350.hmm /home/dich3309/rnaseq-tnseq-enterococcus-analysis/analyses/03_assembly_evaluation/busco_enterococcus_odb12/flye_pacbio_enterococcus_odb12/prodigal_output/predicted_genes/predicted.faa 
# Current dir:     /gorilla/home/dich3309/rnaseq-tnseq-enterococcus-analysis/code
# Date:            Tue Apr 28 22:14:14 2026
# [ok]
