#                                                                                                        --- full sequence --- -------------- this domain -------------   hmm coord   ali coord   env coord
# target name                                    accession   tlen query name           accession   qlen   E-value  score  bias   #  of  c-Evalue  i-Evalue  score  bias  from    to  from    to  from    to  acc description of target
#                            ------------------- ---------- ----- -------------------- ---------- ----- --------- ------ ----- --- --- --------- --------- ------ ----- ----- ----- ----- ----- ----- ----- ---- ---------------------
NODE_52_length_1698_cov_52.659459:177-1661|+     -            495 17999                -            493         0 1062.2  10.7   1   1         0         0 1062.0  10.7     1   493     1   493     1   493 1.00 NODE_52_length_1698_cov_52.659459_1 # 177 # 1661 # 1 # ID=52_1;partial=00;start_type=ATG;rbs_motif=AGGAG/GGAGG;rbs_spacer=11-12bp;gc_cont=0.420
NODE_1_length_304474_cov_63.252055:35443-36420|+ -            326 17999                -            493   4.3e-49  165.0   2.2   1   2   6.2e-06    0.0039   13.4   0.0    12    76     3    67     1    83 0.86 NODE_1_length_304474_cov_63.252055_33 # 35443 # 36420 # 1 # ID=1_33;partial=00;start_type=ATG;rbs_motif=AGGAGG;rbs_spacer=5-10bp;gc_cont=0.398
NODE_1_length_304474_cov_63.252055:35443-36420|+ -            326 17999                -            493   4.3e-49  165.0   2.2   2   2   6.1e-47   3.8e-44  148.7   1.8   217   462    79   310    68   319 0.89 NODE_1_length_304474_cov_63.252055_33 # 35443 # 36420 # 1 # ID=1_33;partial=00;start_type=ATG;rbs_motif=AGGAGG;rbs_spacer=5-10bp;gc_cont=0.398
NODE_3_length_193524_cov_75.578528:87260-88621|- -            454 17999                -            493   4.5e-08   29.7   1.0   1   1   9.6e-11   6.1e-08   29.3   1.0   127   220   177   265    89   273 0.79 NODE_3_length_193524_cov_75.578528_116 # 87260 # 88621 # -1 # ID=3_116;partial=00;start_type=TTG;rbs_motif=GGAG/GAGG;rbs_spacer=5-10bp;gc_cont=0.412
NODE_22_length_43876_cov_92.621673:35741-36916|+ -            392 17999                -            493    0.0029   13.9   1.2   1   1   2.3e-05     0.015   11.5   1.2   101   205   259   360   248   375 0.80 NODE_22_length_43876_cov_92.621673_35 # 35741 # 36916 # 1 # ID=22_35;partial=00;start_type=ATG;rbs_motif=GGAG/GAGG;rbs_spacer=5-10bp;gc_cont=0.415
NODE_35_length_20136_cov_58.418942:11316-12434|+ -            373 17999                -            493     0.016   11.4   0.0   1   1   3.7e-05     0.024   10.9   0.0   237   356   144   267   140   274 0.80 NODE_35_length_20136_cov_58.418942_10 # 11316 # 12434 # 1 # ID=35_10;partial=00;start_type=ATG;rbs_motif=AGxAGG/AGGxGG;rbs_spacer=5-10bp;gc_cont=0.390
#
# Program:         hmmsearch
# Version:         3.4 (Aug 2023)
# Pipeline mode:   SEARCH
# Query file:      /sw/data/local/BUSCO_Data/v5/lineages/enterococcaceae_odb12/hmms/17999at81852.hmm
# Target file:     /home/dich3309/rnaseq-tnseq-enterococcus-analysis/analyses/03_assembly_evaluation/busco_enterococcaceae_odb12/spades_scaffolds_pacbio_illumina_isolate_enterococcaceae_odb12/prodigal_output/predicted_genes/predicted.faa
# Option settings: hmmsearch --domtblout /home/dich3309/rnaseq-tnseq-enterococcus-analysis/analyses/03_assembly_evaluation/busco_enterococcaceae_odb12/spades_scaffolds_pacbio_illumina_isolate_enterococcaceae_odb12/run_enterococcaceae_odb12/hmmer_output/17999at81852.out --cpu 1 /sw/data/local/BUSCO_Data/v5/lineages/enterococcaceae_odb12/hmms/17999at81852.hmm /home/dich3309/rnaseq-tnseq-enterococcus-analysis/analyses/03_assembly_evaluation/busco_enterococcaceae_odb12/spades_scaffolds_pacbio_illumina_isolate_enterococcaceae_odb12/prodigal_output/predicted_genes/predicted.faa 
# Current dir:     /gorilla/home/dich3309/rnaseq-tnseq-enterococcus-analysis/code
# Date:            Tue Apr 28 22:17:14 2026
# [ok]
