#                                                                                                          --- full sequence --- -------------- this domain -------------   hmm coord   ali coord   env coord
# target name                                      accession   tlen query name           accession   qlen   E-value  score  bias   #  of  c-Evalue  i-Evalue  score  bias  from    to  from    to  from    to  acc description of target
#                              ------------------- ---------- ----- -------------------- ---------- ----- --------- ------ ----- --- --- --------- --------- ------ ----- ----- ----- ----- ----- ----- ----- ---- ---------------------
NODE_3_length_193524_cov_75.578528:184365-185222|+ -            286 20407                -            282  1.5e-144  477.5   7.6   1   1  3.3e-147  1.7e-144  477.3   7.6     1   282     1   284     1   284 0.98 NODE_3_length_193524_cov_75.578528_194 # 184365 # 185222 # 1 # ID=3_194;partial=00;start_type=GTG;rbs_motif=AGGAG;rbs_spacer=5-10bp;gc_cont=0.400
NODE_1_length_304474_cov_63.252055:165548-166459|+ -            304 20407                -            282   1.1e-52  176.1   0.4   1   1     3e-55   1.6e-52  175.7   0.4    39   277    39   284    28   287 0.89 NODE_1_length_304474_cov_63.252055_157 # 165548 # 166459 # 1 # ID=1_157;partial=00;start_type=ATG;rbs_motif=AGGA/GGAG/GAGG;rbs_spacer=11-12bp;gc_cont=0.414
NODE_3_length_193524_cov_75.578528:88639-89538|-   -            300 20407                -            282   7.2e-51  170.2   0.2   1   1   1.7e-53   8.9e-51  169.9   0.2    39   275    38   282    17   287 0.90 NODE_3_length_193524_cov_75.578528_117 # 88639 # 89538 # -1 # ID=3_117;partial=00;start_type=ATG;rbs_motif=GGAG/GAGG;rbs_spacer=5-10bp;gc_cont=0.410
NODE_34_length_20819_cov_59.576205:8128-8847|-     -            240 20407                -            282   6.8e-07   25.9   1.0   1   1   8.7e-09   4.6e-06   23.2   1.0    83   243    55   204    38   212 0.81 NODE_34_length_20819_cov_59.576205_7 # 8128 # 8847 # -1 # ID=34_7;partial=00;start_type=ATG;rbs_motif=GGxGG;rbs_spacer=5-10bp;gc_cont=0.382
NODE_9_length_122393_cov_61.758630:87444-88160|-   -            239 20407                -            282   3.3e-06   23.6   0.3   1   1   1.7e-08   8.8e-06   22.3   0.3   119   242    90   201    38   215 0.79 NODE_9_length_122393_cov_61.758630_89 # 87444 # 88160 # -1 # ID=9_89;partial=00;start_type=ATG;rbs_motif=AGGAG;rbs_spacer=5-10bp;gc_cont=0.404
NODE_10_length_113754_cov_99.095655:19826-20542|-  -            239 20407                -            282   1.1e-05   21.9   0.2   1   1   2.2e-07   0.00012   18.6   0.2    87   178    58   145    28   202 0.71 NODE_10_length_113754_cov_99.095655_19 # 19826 # 20542 # -1 # ID=10_19;partial=00;start_type=ATG;rbs_motif=AGGA;rbs_spacer=5-10bp;gc_cont=0.386
#
# Program:         hmmsearch
# Version:         3.4 (Aug 2023)
# Pipeline mode:   SEARCH
# Query file:      /sw/data/local/BUSCO_Data/v5/lineages/enterococcaceae_odb12/hmms/20407at81852.hmm
# Target file:     /home/dich3309/rnaseq-tnseq-enterococcus-analysis/analyses/03_assembly_evaluation/busco_enterococcaceae_odb12/spades_scaffolds_pacbio_illumina_isolate_enterococcaceae_odb12/prodigal_output/predicted_genes/predicted.faa
# Option settings: hmmsearch --domtblout /home/dich3309/rnaseq-tnseq-enterococcus-analysis/analyses/03_assembly_evaluation/busco_enterococcaceae_odb12/spades_scaffolds_pacbio_illumina_isolate_enterococcaceae_odb12/run_enterococcaceae_odb12/hmmer_output/20407at81852.out --cpu 1 /sw/data/local/BUSCO_Data/v5/lineages/enterococcaceae_odb12/hmms/20407at81852.hmm /home/dich3309/rnaseq-tnseq-enterococcus-analysis/analyses/03_assembly_evaluation/busco_enterococcaceae_odb12/spades_scaffolds_pacbio_illumina_isolate_enterococcaceae_odb12/prodigal_output/predicted_genes/predicted.faa 
# Current dir:     /gorilla/home/dich3309/rnaseq-tnseq-enterococcus-analysis/code
# Date:            Tue Apr 28 22:17:20 2026
# [ok]
