#                                                                                                          --- full sequence --- -------------- this domain -------------   hmm coord   ali coord   env coord
# target name                                      accession   tlen query name           accession   qlen   E-value  score  bias   #  of  c-Evalue  i-Evalue  score  bias  from    to  from    to  from    to  acc description of target
#                              ------------------- ---------- ----- -------------------- ---------- ----- --------- ------ ----- --- --- --------- --------- ------ ----- ----- ----- ----- ----- ----- ----- ---- ---------------------
NODE_1_length_304474_cov_63.252055:188965-190128|+ -            388 28001                -            317  2.6e-136  451.5   0.3   1   2      0.42   2.7e+02   -2.0   0.4   208   220    32    44     4    62 0.57 NODE_1_length_304474_cov_63.252055_179 # 188965 # 190128 # 1 # ID=1_179;partial=00;start_type=ATG;rbs_motif=AGGAGG;rbs_spacer=5-10bp;gc_cont=0.406
NODE_1_length_304474_cov_63.252055:188965-190128|+ -            388 28001                -            317  2.6e-136  451.5   0.3   2   2  4.1e-139  2.6e-136  451.5   0.3     5   317    72   387    65   387 0.95 NODE_1_length_304474_cov_63.252055_179 # 188965 # 190128 # 1 # ID=1_179;partial=00;start_type=ATG;rbs_motif=AGGAGG;rbs_spacer=5-10bp;gc_cont=0.406
NODE_1_length_304474_cov_63.252055:277720-278475|- -            252 28001                -            317   1.5e-85  284.7   1.1   1   1   2.8e-88   1.8e-85  284.4   1.1    29   272     7   248     1   250 0.92 NODE_1_length_304474_cov_63.252055_259 # 277720 # 278475 # -1 # ID=1_259;partial=00;start_type=ATG;rbs_motif=GGAG/GAGG;rbs_spacer=5-10bp;gc_cont=0.381
NODE_8_length_123234_cov_76.327838:51528-52754|+   -            409 28001                -            317   6.5e-39  131.4   1.5   1   1   1.3e-41   8.2e-39  131.1   1.5    29   278     4   268     1   301 0.80 NODE_8_length_123234_cov_76.327838_51 # 51528 # 52754 # 1 # ID=8_51;partial=00;start_type=ATG;rbs_motif=GGAG/GAGG;rbs_spacer=5-10bp;gc_cont=0.379
NODE_4_length_185058_cov_63.073482:34845-35789|-   -            315 28001                -            317   6.8e-39  131.4   5.3   1   1   1.3e-41   8.5e-39  131.1   5.3    23   286     4   282     1   309 0.80 NODE_4_length_185058_cov_63.073482_34 # 34845 # 35789 # -1 # ID=4_34;partial=00;start_type=ATG;rbs_motif=GGAGG;rbs_spacer=5-10bp;gc_cont=0.395
NODE_2_length_252901_cov_71.242866:177786-178457|+ -            224 28001                -            317   8.7e-15   52.2   0.1   1   1   2.8e-17   1.8e-14   51.2   0.1   133   313    46   216    41   219 0.92 NODE_2_length_252901_cov_71.242866_168 # 177786 # 178457 # 1 # ID=2_168;partial=00;start_type=ATG;rbs_motif=AGxAGG/AGGxGG;rbs_spacer=5-10bp;gc_cont=0.360
#
# Program:         hmmsearch
# Version:         3.4 (Aug 2023)
# Pipeline mode:   SEARCH
# Query file:      /sw/data/local/BUSCO_Data/v5/lineages/enterococcaceae_odb12/hmms/28001at81852.hmm
# Target file:     /home/dich3309/rnaseq-tnseq-enterococcus-analysis/analyses/03_assembly_evaluation/busco_enterococcaceae_odb12/spades_scaffolds_pacbio_illumina_isolate_enterococcaceae_odb12/prodigal_output/predicted_genes/predicted.faa
# Option settings: hmmsearch --domtblout /home/dich3309/rnaseq-tnseq-enterococcus-analysis/analyses/03_assembly_evaluation/busco_enterococcaceae_odb12/spades_scaffolds_pacbio_illumina_isolate_enterococcaceae_odb12/run_enterococcaceae_odb12/hmmer_output/28001at81852.out --cpu 1 /sw/data/local/BUSCO_Data/v5/lineages/enterococcaceae_odb12/hmms/28001at81852.hmm /home/dich3309/rnaseq-tnseq-enterococcus-analysis/analyses/03_assembly_evaluation/busco_enterococcaceae_odb12/spades_scaffolds_pacbio_illumina_isolate_enterococcaceae_odb12/prodigal_output/predicted_genes/predicted.faa 
# Current dir:     /gorilla/home/dich3309/rnaseq-tnseq-enterococcus-analysis/code
# Date:            Tue Apr 28 22:17:32 2026
# [ok]
