#                                                                                                           --- full sequence --- -------------- this domain -------------   hmm coord   ali coord   env coord
# target name                                       accession   tlen query name           accession   qlen   E-value  score  bias   #  of  c-Evalue  i-Evalue  score  bias  from    to  from    to  from    to  acc description of target
#                               ------------------- ---------- ----- -------------------- ---------- ----- --------- ------ ----- --- --- --------- --------- ------ ----- ----- ----- ----- ----- ----- ----- ---- ---------------------
NODE_16_length_62801_cov_61.371830:22112-23677|-    -            522 1360                 -            518         0 1090.2   0.8   1   1         0         0 1090.1   0.8     1   518     1   521     1   521 0.99 NODE_16_length_62801_cov_61.371830_22 # 22112 # 23677 # -1 # ID=16_22;partial=00;start_type=TTG;rbs_motif=GGA/GAG/AGG;rbs_spacer=5-10bp;gc_cont=0.427
NODE_3_length_223274_cov_181.317177:2-1567|+        -            522 1360                 -            518         0 1086.4   0.3   1   1         0         0 1086.1   0.3    10   518    10   521     3   521 0.99 NODE_3_length_223274_cov_181.317177_1 # 2 # 1567 # 1 # ID=3_1;partial=10;start_type=Edge;rbs_motif=None;rbs_spacer=None;gc_cont=0.434
NODE_2_length_304403_cov_65.784473:170773-171849|+  -            359 1360                 -            518   5.5e-08   29.3   0.0   1   1   1.8e-10     9e-08   28.5   0.0    11   180   170   334   166   349 0.74 NODE_2_length_304403_cov_65.784473_163 # 170773 # 171849 # 1 # ID=2_163;partial=00;start_type=ATG;rbs_motif=GGAG/GAGG;rbs_spacer=5-10bp;gc_cont=0.408
NODE_5_length_185063_cov_65.589034:25012-25731|-    -            240 1360                 -            518   4.7e-06   22.9   0.0   1   1   1.8e-08   9.5e-06   21.9   0.0    83   184   107   224    94   237 0.69 NODE_5_length_185063_cov_65.589034_21 # 25012 # 25731 # -1 # ID=5_21;partial=00;start_type=ATG;rbs_motif=AGxAGG/AGGxGG;rbs_spacer=5-10bp;gc_cont=0.414
NODE_30_length_20136_cov_58.816694:8514-9635|+      -            374 1360                 -            518    0.0048   13.0   0.0   1   1   1.1e-05    0.0054   12.8   0.0   223   256     6    38     2   190 0.84 NODE_30_length_20136_cov_58.816694_8 # 8514 # 9635 # 1 # ID=30_8;partial=00;start_type=ATG;rbs_motif=None;rbs_spacer=None;gc_cont=0.430
NODE_10_length_119333_cov_96.609128:101803-102117|+ -            105 1360                 -            518     0.011   11.8   0.0   1   1   2.2e-05     0.011   11.7   0.0   359   413    49   103    29   104 0.85 NODE_10_length_119333_cov_96.609128_73 # 101803 # 102117 # 1 # ID=10_73;partial=00;start_type=ATG;rbs_motif=AGGAG;rbs_spacer=5-10bp;gc_cont=0.390
#
# Program:         hmmsearch
# Version:         3.4 (Aug 2023)
# Pipeline mode:   SEARCH
# Query file:      /sw/data/local/BUSCO_Data/v5/lineages/enterococcaceae_odb12/hmms/1360at81852.hmm
# Target file:     /home/dich3309/rnaseq-tnseq-enterococcus-analysis/analyses/03_assembly_evaluation/busco_enterococcaceae_odb12/spades_scaffolds_pacbio_illumina_enterococcaceae_odb12/prodigal_output/predicted_genes/predicted.faa
# Option settings: hmmsearch --domtblout /home/dich3309/rnaseq-tnseq-enterococcus-analysis/analyses/03_assembly_evaluation/busco_enterococcaceae_odb12/spades_scaffolds_pacbio_illumina_enterococcaceae_odb12/run_enterococcaceae_odb12/hmmer_output/1360at81852.out --cpu 1 /sw/data/local/BUSCO_Data/v5/lineages/enterococcaceae_odb12/hmms/1360at81852.hmm /home/dich3309/rnaseq-tnseq-enterococcus-analysis/analyses/03_assembly_evaluation/busco_enterococcaceae_odb12/spades_scaffolds_pacbio_illumina_enterococcaceae_odb12/prodigal_output/predicted_genes/predicted.faa 
# Current dir:     /gorilla/home/dich3309/rnaseq-tnseq-enterococcus-analysis/code
# Date:            Tue Apr 28 22:16:29 2026
# [ok]
