#                                                                                                          --- full sequence --- -------------- this domain -------------   hmm coord   ali coord   env coord
# target name                                      accession   tlen query name           accession   qlen   E-value  score  bias   #  of  c-Evalue  i-Evalue  score  bias  from    to  from    to  from    to  acc description of target
#                              ------------------- ---------- ----- -------------------- ---------- ----- --------- ------ ----- --- --- --------- --------- ------ ----- ----- ----- ----- ----- ----- ----- ---- ---------------------
NODE_2_length_304403_cov_65.784473:123084-123596|+ -            171 16922                -            170  2.2e-106  350.6   1.1   1   1  3.9e-109  2.4e-106  350.4   1.1     1   170     1   170     1   170 1.00 NODE_2_length_304403_cov_65.784473_116 # 123084 # 123596 # 1 # ID=2_116;partial=00;start_type=GTG;rbs_motif=AGGAGG;rbs_spacer=5-10bp;gc_cont=0.415
NODE_10_length_119333_cov_96.609128:13883-14701|+  -            273 16922                -            170   6.5e-15   52.8   0.1   1   1   1.5e-17   9.1e-15   52.3   0.1    23   164   105   248    79   253 0.89 NODE_10_length_119333_cov_96.609128_12 # 13883 # 14701 # 1 # ID=10_12;partial=00;start_type=GTG;rbs_motif=AGGAG;rbs_spacer=5-10bp;gc_cont=0.400
NODE_2_length_304403_cov_65.784473:10076-10657|+   -            194 16922                -            170   1.5e-10   38.6   0.1   1   1     3e-13   1.9e-10   38.3   0.1    36   163    38   169    17   176 0.85 NODE_2_length_304403_cov_65.784473_11 # 10076 # 10657 # 1 # ID=2_11;partial=00;start_type=GTG;rbs_motif=AGGAG;rbs_spacer=5-10bp;gc_cont=0.402
NODE_2_length_304403_cov_65.784473:177516-178145|+ -            210 16922                -            170   0.00011   19.5   0.0   1   1   2.4e-07   0.00015   19.1   0.0   107   164   111   168    82   176 0.87 NODE_2_length_304403_cov_65.784473_169 # 177516 # 178145 # 1 # ID=2_169;partial=00;start_type=ATG;rbs_motif=GGAG/GAGG;rbs_spacer=5-10bp;gc_cont=0.394
NODE_2_length_304403_cov_65.784473:166694-167233|+ -            180 16922                -            170   0.00014   19.2   0.5   1   2     2e-06    0.0012   16.1   0.2    37   139    20   123     4   153 0.63 NODE_2_length_304403_cov_65.784473_159 # 166694 # 167233 # 1 # ID=2_159;partial=00;start_type=ATG;rbs_motif=AGxAGG/AGGxGG;rbs_spacer=5-10bp;gc_cont=0.404
NODE_2_length_304403_cov_65.784473:166694-167233|+ -            180 16922                -            170   0.00014   19.2   0.5   2   2      0.16        97    0.2   0.0   146   159   159   172   146   176 0.89 NODE_2_length_304403_cov_65.784473_159 # 166694 # 167233 # 1 # ID=2_159;partial=00;start_type=ATG;rbs_motif=AGxAGG/AGGxGG;rbs_spacer=5-10bp;gc_cont=0.404
#
# Program:         hmmsearch
# Version:         3.4 (Aug 2023)
# Pipeline mode:   SEARCH
# Query file:      /sw/data/local/BUSCO_Data/v5/lineages/enterococcaceae_odb12/hmms/16922at81852.hmm
# Target file:     /home/dich3309/rnaseq-tnseq-enterococcus-analysis/analyses/03_assembly_evaluation/busco_enterococcaceae_odb12/spades_scaffolds_pacbio_illumina_enterococcaceae_odb12/prodigal_output/predicted_genes/predicted.faa
# Option settings: hmmsearch --domtblout /home/dich3309/rnaseq-tnseq-enterococcus-analysis/analyses/03_assembly_evaluation/busco_enterococcaceae_odb12/spades_scaffolds_pacbio_illumina_enterococcaceae_odb12/run_enterococcaceae_odb12/hmmer_output/16922at81852.out --cpu 1 /sw/data/local/BUSCO_Data/v5/lineages/enterococcaceae_odb12/hmms/16922at81852.hmm /home/dich3309/rnaseq-tnseq-enterococcus-analysis/analyses/03_assembly_evaluation/busco_enterococcaceae_odb12/spades_scaffolds_pacbio_illumina_enterococcaceae_odb12/prodigal_output/predicted_genes/predicted.faa 
# Current dir:     /gorilla/home/dich3309/rnaseq-tnseq-enterococcus-analysis/code
# Date:            Tue Apr 28 22:16:32 2026
# [ok]
