#                                                                                                        --- full sequence --- -------------- this domain -------------   hmm coord   ali coord   env coord
# target name                                    accession   tlen query name           accession   qlen   E-value  score  bias   #  of  c-Evalue  i-Evalue  score  bias  from    to  from    to  from    to  acc description of target
#                            ------------------- ---------- ----- -------------------- ---------- ----- --------- ------ ----- --- --- --------- --------- ------ ----- ----- ----- ----- ----- ----- ----- ---- ---------------------
NODE_5_length_185063_cov_65.589034:69229-70785|+ -            519 17397                -            508         0 1072.6   3.2   1   1         0         0 1072.3   3.2     1   506     1   506     1   508 0.99 NODE_5_length_185063_cov_65.589034_67 # 69229 # 70785 # 1 # ID=5_67;partial=00;start_type=ATG;rbs_motif=GGA/GAG/AGG;rbs_spacer=5-10bp;gc_cont=0.411
NODE_5_length_185063_cov_65.589034:32582-33958|+ -            459 17397                -            508     1e-36  124.0   0.2   1   1   2.1e-39   1.3e-36  123.7   0.2    55   389    34   376     4   399 0.86 NODE_5_length_185063_cov_65.589034_29 # 32582 # 33958 # 1 # ID=5_29;partial=00;start_type=ATG;rbs_motif=AGGAGG;rbs_spacer=5-10bp;gc_cont=0.424
NODE_5_length_185063_cov_65.589034:71724-73130|+ -            469 17397                -            508   3.2e-27   92.7   0.8   1   1   6.8e-30   4.2e-27   92.3   0.8    71   424    56   411    31   418 0.88 NODE_5_length_185063_cov_65.589034_69 # 71724 # 73130 # 1 # ID=5_69;partial=00;start_type=ATG;rbs_motif=GGAGG;rbs_spacer=5-10bp;gc_cont=0.420
NODE_5_length_185063_cov_65.589034:30808-32589|+ -            594 17397                -            508   5.3e-20   68.9   0.8   1   2    0.0011      0.69    5.8   0.5    56   124    32   100     2   116 0.82 NODE_5_length_185063_cov_65.589034_28 # 30808 # 32589 # 1 # ID=5_28;partial=00;start_type=TTG;rbs_motif=AGGAG;rbs_spacer=5-10bp;gc_cont=0.428
NODE_5_length_185063_cov_65.589034:30808-32589|+ -            594 17397                -            508   5.3e-20   68.9   0.8   2   2     2e-20   1.2e-17   61.1   0.0   126   359   190   430   152   448 0.81 NODE_5_length_185063_cov_65.589034_28 # 30808 # 32589 # 1 # ID=5_28;partial=00;start_type=TTG;rbs_motif=AGGAG;rbs_spacer=5-10bp;gc_cont=0.428
NODE_34_length_13809_cov_53.503775:7591-8886|-   -            432 17397                -            508    0.0012   15.0   0.0   1   1   3.6e-06    0.0022   14.1   0.0   144   179   153   188   119   216 0.77 NODE_34_length_13809_cov_53.503775_10 # 7591 # 8886 # -1 # ID=34_10;partial=00;start_type=ATG;rbs_motif=GGA/GAG/AGG;rbs_spacer=5-10bp;gc_cont=0.395
#
# Program:         hmmsearch
# Version:         3.4 (Aug 2023)
# Pipeline mode:   SEARCH
# Query file:      /sw/data/local/BUSCO_Data/v5/lineages/enterococcaceae_odb12/hmms/17397at81852.hmm
# Target file:     /home/dich3309/rnaseq-tnseq-enterococcus-analysis/analyses/03_assembly_evaluation/busco_enterococcaceae_odb12/spades_scaffolds_pacbio_illumina_enterococcaceae_odb12/prodigal_output/predicted_genes/predicted.faa
# Option settings: hmmsearch --domtblout /home/dich3309/rnaseq-tnseq-enterococcus-analysis/analyses/03_assembly_evaluation/busco_enterococcaceae_odb12/spades_scaffolds_pacbio_illumina_enterococcaceae_odb12/run_enterococcaceae_odb12/hmmer_output/17397at81852.out --cpu 1 /sw/data/local/BUSCO_Data/v5/lineages/enterococcaceae_odb12/hmms/17397at81852.hmm /home/dich3309/rnaseq-tnseq-enterococcus-analysis/analyses/03_assembly_evaluation/busco_enterococcaceae_odb12/spades_scaffolds_pacbio_illumina_enterococcaceae_odb12/prodigal_output/predicted_genes/predicted.faa 
# Current dir:     /gorilla/home/dich3309/rnaseq-tnseq-enterococcus-analysis/code
# Date:            Tue Apr 28 22:16:34 2026
# [ok]
