#                                                                                                          --- full sequence --- -------------- this domain -------------   hmm coord   ali coord   env coord
# target name                                      accession   tlen query name           accession   qlen   E-value  score  bias   #  of  c-Evalue  i-Evalue  score  bias  from    to  from    to  from    to  acc description of target
#                              ------------------- ---------- ----- -------------------- ---------- ----- --------- ------ ----- --- --- --------- --------- ------ ----- ----- ----- ----- ----- ----- ----- ---- ---------------------
NODE_11_length_113754_cov_100.754285:80726-82993|- -            756 20133                -            749         0 1259.6   5.5   1   1         0         0 1259.4   5.5     1   749     2   754     2   754 0.99 NODE_11_length_113754_cov_100.754285_80 # 80726 # 82993 # -1 # ID=11_80;partial=00;start_type=ATG;rbs_motif=GGAGG;rbs_spacer=5-10bp;gc_cont=0.394
NODE_11_length_113754_cov_100.754285:9957-11033|-  -            359 20133                -            749   9.8e-05   18.3   0.0   1   2   2.9e-07   0.00018   17.4   0.0   483   581   130   231   115   246 0.76 NODE_11_length_113754_cov_100.754285_9 # 9957 # 11033 # -1 # ID=11_9;partial=00;start_type=TTG;rbs_motif=AGGAGG;rbs_spacer=5-10bp;gc_cont=0.393
NODE_11_length_113754_cov_100.754285:9957-11033|-  -            359 20133                -            749   9.8e-05   18.3   0.0   2   2      0.54   3.3e+02   -3.3   0.0   179   213   271   305   255   340 0.73 NODE_11_length_113754_cov_100.754285_9 # 9957 # 11033 # -1 # ID=11_9;partial=00;start_type=TTG;rbs_motif=AGGAGG;rbs_spacer=5-10bp;gc_cont=0.393
NODE_2_length_304403_cov_65.784473:24609-25883|+   -            425 20133                -            749   0.00041   16.2   0.1   1   1     1e-06   0.00063   15.6   0.1   478   581    97   204    93   211 0.77 NODE_2_length_304403_cov_65.784473_25 # 24609 # 25883 # 1 # ID=2_25;partial=00;start_type=ATG;rbs_motif=AGGAG;rbs_spacer=5-10bp;gc_cont=0.427
NODE_20_length_42062_cov_371.455566:40170-41201|+  -            344 20133                -            749    0.0066   12.2   0.0   1   1   1.4e-05    0.0088   11.8   0.0   483   585   131   227   124   248 0.78 NODE_20_length_42062_cov_371.455566_49 # 40170 # 41201 # 1 # ID=20_49;partial=00;start_type=ATG;rbs_motif=AGGAG;rbs_spacer=5-10bp;gc_cont=0.447
NODE_20_length_42062_cov_371.455566:7747-8778|+    -            344 20133                -            749    0.0066   12.2   0.0   1   1   1.4e-05    0.0088   11.8   0.0   483   585   131   227   124   248 0.78 NODE_20_length_42062_cov_371.455566_9 # 7747 # 8778 # 1 # ID=20_9;partial=00;start_type=ATG;rbs_motif=AGGAG;rbs_spacer=5-10bp;gc_cont=0.447
#
# Program:         hmmsearch
# Version:         3.4 (Aug 2023)
# Pipeline mode:   SEARCH
# Query file:      /sw/data/local/BUSCO_Data/v5/lineages/enterococcaceae_odb12/hmms/20133at81852.hmm
# Target file:     /home/dich3309/rnaseq-tnseq-enterococcus-analysis/analyses/03_assembly_evaluation/busco_enterococcaceae_odb12/spades_scaffolds_pacbio_illumina_enterococcaceae_odb12/prodigal_output/predicted_genes/predicted.faa
# Option settings: hmmsearch --domtblout /home/dich3309/rnaseq-tnseq-enterococcus-analysis/analyses/03_assembly_evaluation/busco_enterococcaceae_odb12/spades_scaffolds_pacbio_illumina_enterococcaceae_odb12/run_enterococcaceae_odb12/hmmer_output/20133at81852.out --cpu 1 /sw/data/local/BUSCO_Data/v5/lineages/enterococcaceae_odb12/hmms/20133at81852.hmm /home/dich3309/rnaseq-tnseq-enterococcus-analysis/analyses/03_assembly_evaluation/busco_enterococcaceae_odb12/spades_scaffolds_pacbio_illumina_enterococcaceae_odb12/prodigal_output/predicted_genes/predicted.faa 
# Current dir:     /gorilla/home/dich3309/rnaseq-tnseq-enterococcus-analysis/code
# Date:            Tue Apr 28 22:16:42 2026
# [ok]
