#                                                                                                        --- full sequence --- -------------- this domain -------------   hmm coord   ali coord   env coord
# target name                                    accession   tlen query name           accession   qlen   E-value  score  bias   #  of  c-Evalue  i-Evalue  score  bias  from    to  from    to  from    to  acc description of target
#                            ------------------- ---------- ----- -------------------- ---------- ----- --------- ------ ----- --- --- --------- --------- ------ ----- ----- ----- ----- ----- ----- ----- ---- ---------------------
NODE_34_length_25980_cov_30.418284:23438-24199|- -            254 12582                -            242  1.1e-128  425.1   5.1   1   1  2.8e-131  2.2e-128  424.1   5.1     1   242     1   251     1   251 0.94 NODE_34_length_25980_cov_30.418284_19 # 23438 # 24199 # -1 # ID=34_19;partial=00;start_type=ATG;rbs_motif=AGGA;rbs_spacer=5-10bp;gc_cont=0.398
NODE_29_length_31200_cov_30.116648:28103-28687|+ -            195 12582                -            242   8.6e-76  251.9   0.1   1   1   1.2e-78   9.5e-76  251.8   0.1    48   237     2   192     1   194 0.94 NODE_29_length_31200_cov_30.116648_29 # 28103 # 28687 # 1 # ID=29_29;partial=00;start_type=ATG;rbs_motif=AGGAGG;rbs_spacer=5-10bp;gc_cont=0.403
NODE_75_length_7718_cov_38.049589:1198-1434|-    -             79 12582                -            242   2.4e-16   57.2   0.1   1   1   3.5e-19   2.7e-16   57.1   0.1   103   174     7    77     2    78 0.94 NODE_75_length_7718_cov_38.049589_2 # 1198 # 1434 # -1 # ID=75_2;partial=00;start_type=ATG;rbs_motif=GGA/GAG/AGG;rbs_spacer=5-10bp;gc_cont=0.477
NODE_17_length_53451_cov_37.688722:16811-18094|- -            428 12582                -            242     0.013   12.3   3.0   1   3   1.8e-05     0.014   12.2   0.4     3    49     1    48     1    92 0.69 NODE_17_length_53451_cov_37.688722_17 # 16811 # 18094 # -1 # ID=17_17;partial=00;start_type=ATG;rbs_motif=AGxAGG/AGGxGG;rbs_spacer=5-10bp;gc_cont=0.393
NODE_17_length_53451_cov_37.688722:16811-18094|- -            428 12582                -            242     0.013   12.3   3.0   2   3      0.51   3.9e+02   -2.4   0.0    83    99   111   128    92   131 0.74 NODE_17_length_53451_cov_37.688722_17 # 16811 # 18094 # -1 # ID=17_17;partial=00;start_type=ATG;rbs_motif=AGxAGG/AGGxGG;rbs_spacer=5-10bp;gc_cont=0.393
NODE_17_length_53451_cov_37.688722:16811-18094|- -            428 12582                -            242     0.013   12.3   3.0   3   3       0.3   2.3e+02   -1.7   0.0    59    82   187   210   173   266 0.62 NODE_17_length_53451_cov_37.688722_17 # 16811 # 18094 # -1 # ID=17_17;partial=00;start_type=ATG;rbs_motif=AGxAGG/AGGxGG;rbs_spacer=5-10bp;gc_cont=0.393
#
# Program:         hmmsearch
# Version:         3.4 (Aug 2023)
# Pipeline mode:   SEARCH
# Query file:      /sw/data/local/BUSCO_Data/v5/lineages/enterococcus_odb12/hmms/12582at1350.hmm
# Target file:     /home/dich3309/rnaseq-tnseq-enterococcus-analysis/analyses/03_assembly_evaluation/busco_enterococcus_odb12/spades_scaffolds_illumina_enterococcus_odb12/prodigal_output/predicted_genes/predicted.faa
# Option settings: hmmsearch --domtblout /home/dich3309/rnaseq-tnseq-enterococcus-analysis/analyses/03_assembly_evaluation/busco_enterococcus_odb12/spades_scaffolds_illumina_enterococcus_odb12/run_enterococcus_odb12/hmmer_output/12582at1350.out --cpu 1 /sw/data/local/BUSCO_Data/v5/lineages/enterococcus_odb12/hmms/12582at1350.hmm /home/dich3309/rnaseq-tnseq-enterococcus-analysis/analyses/03_assembly_evaluation/busco_enterococcus_odb12/spades_scaffolds_illumina_enterococcus_odb12/prodigal_output/predicted_genes/predicted.faa 
# Current dir:     /gorilla/home/dich3309/rnaseq-tnseq-enterococcus-analysis/code
# Date:            Tue Apr 28 22:12:07 2026
# [ok]
