#                                                                                                        --- full sequence --- -------------- this domain -------------   hmm coord   ali coord   env coord
# target name                                    accession   tlen query name           accession   qlen   E-value  score  bias   #  of  c-Evalue  i-Evalue  score  bias  from    to  from    to  from    to  acc description of target
#                            ------------------- ---------- ----- -------------------- ---------- ----- --------- ------ ----- --- --- --------- --------- ------ ----- ----- ----- ----- ----- ----- ----- ---- ---------------------
NODE_27_length_32680_cov_27.796444:19405-19605|+ -             67 16318                -             66   4.7e-48  158.6   4.8   1   1     1e-50   5.2e-48  158.5   4.8     1    66     1    66     1    66 0.99 NODE_27_length_32680_cov_27.796444_20 # 19405 # 19605 # 1 # ID=27_20;partial=00;start_type=ATG;rbs_motif=AGGAGG;rbs_spacer=5-10bp;gc_cont=0.403
NODE_24_length_38318_cov_25.692235:16052-16252|- -             67 16318                -             66   1.2e-44  147.6   3.8   1   1   2.6e-47   1.3e-44  147.5   3.8     1    66     1    66     1    66 0.99 NODE_24_length_38318_cov_25.692235_25 # 16052 # 16252 # -1 # ID=24_25;partial=00;start_type=ATG;rbs_motif=AGGAGG;rbs_spacer=5-10bp;gc_cont=0.393
NODE_28_length_32648_cov_29.742705:21034-21234|+ -             67 16318                -             66   9.5e-43  141.6   2.5   1   1     2e-45     1e-42  141.5   2.5     1    66     1    66     1    66 0.99 NODE_28_length_32648_cov_29.742705_19 # 21034 # 21234 # 1 # ID=28_19;partial=00;start_type=ATG;rbs_motif=AGGAGG;rbs_spacer=5-10bp;gc_cont=0.428
NODE_20_length_45277_cov_34.462408:5707-5907|+   -             67 16318                -             66   2.6e-36  121.0   3.2   1   1   5.5e-39   2.8e-36  120.9   3.2     1    65     1    65     1    66 0.99 NODE_20_length_45277_cov_34.462408_7 # 5707 # 5907 # 1 # ID=20_7;partial=00;start_type=ATG;rbs_motif=GGAGG;rbs_spacer=5-10bp;gc_cont=0.418
NODE_23_length_43480_cov_29.402948:20826-21059|+ -             78 16318                -             66   3.6e-27   91.7   2.2   1   1   8.2e-30   4.2e-27   91.5   2.2     1    65     1    65     1    66 0.98 NODE_23_length_43480_cov_29.402948_21 # 20826 # 21059 # 1 # ID=23_21;partial=00;start_type=TTG;rbs_motif=GGA/GAG/AGG;rbs_spacer=11-12bp;gc_cont=0.380
NODE_14_length_56501_cov_33.217624:6347-9541|-   -           1065 16318                -             66    0.0023   15.5   0.1   1   1   1.2e-05    0.0063   14.1   0.1    28    59   515   546   501   550 0.86 NODE_14_length_56501_cov_33.217624_6 # 6347 # 9541 # -1 # ID=14_6;partial=00;start_type=ATG;rbs_motif=GGAG/GAGG;rbs_spacer=5-10bp;gc_cont=0.399
#
# Program:         hmmsearch
# Version:         3.4 (Aug 2023)
# Pipeline mode:   SEARCH
# Query file:      /sw/data/local/BUSCO_Data/v5/lineages/enterococcus_odb12/hmms/16318at1350.hmm
# Target file:     /home/dich3309/rnaseq-tnseq-enterococcus-analysis/analyses/03_assembly_evaluation/busco_enterococcus_odb12/spades_scaffolds_illumina_enterococcus_odb12/prodigal_output/predicted_genes/predicted.faa
# Option settings: hmmsearch --domtblout /home/dich3309/rnaseq-tnseq-enterococcus-analysis/analyses/03_assembly_evaluation/busco_enterococcus_odb12/spades_scaffolds_illumina_enterococcus_odb12/run_enterococcus_odb12/hmmer_output/16318at1350.out --cpu 1 /sw/data/local/BUSCO_Data/v5/lineages/enterococcus_odb12/hmms/16318at1350.hmm /home/dich3309/rnaseq-tnseq-enterococcus-analysis/analyses/03_assembly_evaluation/busco_enterococcus_odb12/spades_scaffolds_illumina_enterococcus_odb12/prodigal_output/predicted_genes/predicted.faa 
# Current dir:     /gorilla/home/dich3309/rnaseq-tnseq-enterococcus-analysis/code
# Date:            Tue Apr 28 22:12:09 2026
# [ok]
