#                                                                                                          --- full sequence --- -------------- this domain -------------   hmm coord   ali coord   env coord
# target name                                      accession   tlen query name           accession   qlen   E-value  score  bias   #  of  c-Evalue  i-Evalue  score  bias  from    to  from    to  from    to  acc description of target
#                              ------------------- ---------- ----- -------------------- ---------- ----- --------- ------ ----- --- --- --------- --------- ------ ----- ----- ----- ----- ----- ----- ----- ---- ---------------------
NODE_2_length_109676_cov_33.984218:108679-109071|- -            131 16949                -            125   1.4e-73  242.4   1.4   1   1   2.6e-76   1.6e-73  242.2   1.4     1   122     1   122     1   125 0.99 NODE_2_length_109676_cov_33.984218_116 # 108679 # 109071 # -1 # ID=2_116;partial=00;start_type=ATG;rbs_motif=GGA/GAG/AGG;rbs_spacer=5-10bp;gc_cont=0.405
NODE_9_length_85202_cov_37.123657:63625-64386|-    -            254 16949                -            125   2.8e-08   31.5   3.6   1   2   1.5e-10   9.1e-08   29.8   3.4    12    87     4    80     2   112 0.78 NODE_9_length_85202_cov_37.123657_49 # 63625 # 64386 # -1 # ID=9_49;partial=00;start_type=ATG;rbs_motif=GGAG/GAGG;rbs_spacer=5-10bp;gc_cont=0.336
NODE_9_length_85202_cov_37.123657:63625-64386|-    -            254 16949                -            125   2.8e-08   31.5   3.6   2   2      0.47   2.9e+02   -0.9   0.2    77    94    93   110    88   133 0.72 NODE_9_length_85202_cov_37.123657_49 # 63625 # 64386 # -1 # ID=9_49;partial=00;start_type=ATG;rbs_motif=GGAG/GAGG;rbs_spacer=5-10bp;gc_cont=0.336
NODE_19_length_49767_cov_34.796387:3960-4433|-     -            158 16949                -            125   6.5e-07   27.0   0.3   1   1   1.4e-09   8.6e-07   26.6   0.3    13   102    17   107     6   134 0.80 NODE_19_length_49767_cov_34.796387_6 # 3960 # 4433 # -1 # ID=19_6;partial=00;start_type=ATG;rbs_motif=AGGAG;rbs_spacer=5-10bp;gc_cont=0.369
NODE_15_length_55108_cov_29.376128:42956-43390|+   -            145 16949                -            125   7.1e-06   23.7   0.1   1   1   1.4e-08   8.7e-06   23.4   0.1    13   108     2    96     1   117 0.83 NODE_15_length_55108_cov_29.376128_39 # 42956 # 43390 # 1 # ID=15_39;partial=00;start_type=ATG;rbs_motif=AGGAGG;rbs_spacer=5-10bp;gc_cont=0.340
NODE_1_length_114283_cov_31.103635:111953-112705|+ -            251 16949                -            125   9.1e-05   20.1   0.5   1   1   3.1e-07   0.00019   19.0   0.1    19    88     9    79     2   105 0.78 NODE_1_length_114283_cov_31.103635_104 # 111953 # 112705 # 1 # ID=1_104;partial=00;start_type=ATG;rbs_motif=AGGAGG;rbs_spacer=5-10bp;gc_cont=0.378
#
# Program:         hmmsearch
# Version:         3.4 (Aug 2023)
# Pipeline mode:   SEARCH
# Query file:      /sw/data/local/BUSCO_Data/v5/lineages/enterococcus_odb12/hmms/16949at1350.hmm
# Target file:     /home/dich3309/rnaseq-tnseq-enterococcus-analysis/analyses/03_assembly_evaluation/busco_enterococcus_odb12/spades_scaffolds_illumina_enterococcus_odb12/prodigal_output/predicted_genes/predicted.faa
# Option settings: hmmsearch --domtblout /home/dich3309/rnaseq-tnseq-enterococcus-analysis/analyses/03_assembly_evaluation/busco_enterococcus_odb12/spades_scaffolds_illumina_enterococcus_odb12/run_enterococcus_odb12/hmmer_output/16949at1350.out --cpu 1 /sw/data/local/BUSCO_Data/v5/lineages/enterococcus_odb12/hmms/16949at1350.hmm /home/dich3309/rnaseq-tnseq-enterococcus-analysis/analyses/03_assembly_evaluation/busco_enterococcus_odb12/spades_scaffolds_illumina_enterococcus_odb12/prodigal_output/predicted_genes/predicted.faa 
# Current dir:     /gorilla/home/dich3309/rnaseq-tnseq-enterococcus-analysis/code
# Date:            Tue Apr 28 22:12:12 2026
# [ok]
