#                                                                                                        --- full sequence --- -------------- this domain -------------   hmm coord   ali coord   env coord
# target name                                    accession   tlen query name           accession   qlen   E-value  score  bias   #  of  c-Evalue  i-Evalue  score  bias  from    to  from    to  from    to  acc description of target
#                            ------------------- ---------- ----- -------------------- ---------- ----- --------- ------ ----- --- --- --------- --------- ------ ----- ----- ----- ----- ----- ----- ----- ---- ---------------------
NODE_2_length_109676_cov_33.984218:17432-18445|- -            338 17046                -            332  3.3e-188  622.2   1.3   1   1  7.4e-191  3.8e-188  622.0   1.3     1   332     1   334     1   334 0.99 NODE_2_length_109676_cov_33.984218_26 # 17432 # 18445 # -1 # ID=2_26;partial=00;start_type=ATG;rbs_motif=AGxAGG/AGGxGG;rbs_spacer=5-10bp;gc_cont=0.371
NODE_5_length_100374_cov_29.640417:14318-15265|- -            316 17046                -            332   3.3e-25   86.4   1.7   1   1   1.6e-27   8.1e-25   85.1   1.7     4   291     6   287     3   311 0.83 NODE_5_length_100374_cov_29.640417_16 # 14318 # 15265 # -1 # ID=5_16;partial=00;start_type=ATG;rbs_motif=AGGAG;rbs_spacer=5-10bp;gc_cont=0.417
NODE_3_length_106498_cov_28.709525:21342-22373|- -            344 17046                -            332   1.9e-14   51.0   0.1   1   1     1e-16   5.2e-14   49.6   0.1    43   203    41   196     6   227 0.74 NODE_3_length_106498_cov_28.709525_22 # 21342 # 22373 # -1 # ID=3_22;partial=00;start_type=ATG;rbs_motif=AGGAGG;rbs_spacer=5-10bp;gc_cont=0.355
NODE_17_length_53451_cov_37.688722:12052-13077|- -            342 17046                -            332   3.9e-11   40.1   0.4   1   1   2.7e-13   1.4e-10   38.3   0.4     1   207     1   207     1   213 0.78 NODE_17_length_53451_cov_37.688722_12 # 12052 # 13077 # -1 # ID=17_12;partial=00;start_type=ATG;rbs_motif=AGGAGG;rbs_spacer=5-10bp;gc_cont=0.433
NODE_7_length_86709_cov_33.100688:8544-9464|-    -            307 17046                -            332   1.3e-09   35.1   0.1   1   1   4.1e-12   2.1e-09   34.4   0.1     2   117     1   116     1   136 0.92 NODE_7_length_86709_cov_33.100688_7 # 8544 # 9464 # -1 # ID=7_7;partial=00;start_type=ATG;rbs_motif=AGGAGG;rbs_spacer=5-10bp;gc_cont=0.352
NODE_5_length_100374_cov_29.640417:22489-23781|+ -            431 17046                -            332    0.0027   14.3   0.0   1   1   8.7e-06    0.0044   13.6   0.0    40   113    51   124    27   158 0.84 NODE_5_length_100374_cov_29.640417_25 # 22489 # 23781 # 1 # ID=5_25;partial=00;start_type=ATG;rbs_motif=AGGAG/GGAGG;rbs_spacer=11-12bp;gc_cont=0.408
#
# Program:         hmmsearch
# Version:         3.4 (Aug 2023)
# Pipeline mode:   SEARCH
# Query file:      /sw/data/local/BUSCO_Data/v5/lineages/enterococcus_odb12/hmms/17046at1350.hmm
# Target file:     /home/dich3309/rnaseq-tnseq-enterococcus-analysis/analyses/03_assembly_evaluation/busco_enterococcus_odb12/spades_scaffolds_illumina_enterococcus_odb12/prodigal_output/predicted_genes/predicted.faa
# Option settings: hmmsearch --domtblout /home/dich3309/rnaseq-tnseq-enterococcus-analysis/analyses/03_assembly_evaluation/busco_enterococcus_odb12/spades_scaffolds_illumina_enterococcus_odb12/run_enterococcus_odb12/hmmer_output/17046at1350.out --cpu 1 /sw/data/local/BUSCO_Data/v5/lineages/enterococcus_odb12/hmms/17046at1350.hmm /home/dich3309/rnaseq-tnseq-enterococcus-analysis/analyses/03_assembly_evaluation/busco_enterococcus_odb12/spades_scaffolds_illumina_enterococcus_odb12/prodigal_output/predicted_genes/predicted.faa 
# Current dir:     /gorilla/home/dich3309/rnaseq-tnseq-enterococcus-analysis/code
# Date:            Tue Apr 28 22:12:12 2026
# [ok]
