#                                                                                                        --- full sequence --- -------------- this domain -------------   hmm coord   ali coord   env coord
# target name                                    accession   tlen query name           accession   qlen   E-value  score  bias   #  of  c-Evalue  i-Evalue  score  bias  from    to  from    to  from    to  acc description of target
#                            ------------------- ---------- ----- -------------------- ---------- ----- --------- ------ ----- --- --- --------- --------- ------ ----- ----- ----- ----- ----- ----- ----- ---- ---------------------
NODE_13_length_59599_cov_35.538241:14114-14932|+ -            273 17244                -            272  5.6e-176  580.7   1.8   1   1    1e-178  6.3e-176  580.6   1.8     1   272     1   272     1   272 1.00 NODE_13_length_59599_cov_35.538241_12 # 14114 # 14932 # 1 # ID=13_12;partial=00;start_type=GTG;rbs_motif=AGGAG;rbs_spacer=5-10bp;gc_cont=0.400
NODE_5_length_100374_cov_29.640417:24353-24934|+ -            194 17244                -            272   5.4e-14   49.5   0.6   1   1     1e-16   6.3e-14   49.3   0.6    85   246     2   167     1   180 0.87 NODE_5_length_100374_cov_29.640417_26 # 24353 # 24934 # 1 # ID=5_26;partial=00;start_type=GTG;rbs_motif=AGGAG;rbs_spacer=5-10bp;gc_cont=0.402
NODE_58_length_13923_cov_28.107802:4024-4536|-   -            171 17244                -            272   1.7e-13   47.9   0.0   1   1   3.5e-16   2.1e-13   47.5   0.0   105   248    23   164    12   169 0.91 NODE_58_length_13923_cov_28.107802_5 # 4024 # 4536 # -1 # ID=58_5;partial=00;start_type=GTG;rbs_motif=AGGAGG;rbs_spacer=5-10bp;gc_cont=0.417
NODE_23_length_43480_cov_29.402948:4692-5321|-   -            210 17244                -            272    0.0023   14.6   0.4   1   2   6.3e-05     0.039   10.6   0.0   111   164    45   100    35   113 0.85 NODE_23_length_43480_cov_29.402948_5 # 4692 # 5321 # -1 # ID=23_5;partial=00;start_type=ATG;rbs_motif=GGAG/GAGG;rbs_spacer=5-10bp;gc_cont=0.394
NODE_23_length_43480_cov_29.402948:4692-5321|-   -            210 17244                -            272    0.0023   14.6   0.4   2   2     0.021        13    2.3   0.1   195   234   114   154   109   171 0.77 NODE_23_length_43480_cov_29.402948_5 # 4692 # 5321 # -1 # ID=23_5;partial=00;start_type=ATG;rbs_motif=GGAG/GAGG;rbs_spacer=5-10bp;gc_cont=0.394
NODE_6_length_99885_cov_29.307212:22698-22964|+  -             89 17244                -            272      0.02   11.5   0.0   1   1   3.4e-05     0.021   11.5   0.0    34    84    14    64     5    83 0.83 NODE_6_length_99885_cov_29.307212_20 # 22698 # 22964 # 1 # ID=6_20;partial=00;start_type=ATG;rbs_motif=GGAG/GAGG;rbs_spacer=5-10bp;gc_cont=0.423
#
# Program:         hmmsearch
# Version:         3.4 (Aug 2023)
# Pipeline mode:   SEARCH
# Query file:      /sw/data/local/BUSCO_Data/v5/lineages/enterococcus_odb12/hmms/17244at1350.hmm
# Target file:     /home/dich3309/rnaseq-tnseq-enterococcus-analysis/analyses/03_assembly_evaluation/busco_enterococcus_odb12/spades_scaffolds_illumina_enterococcus_odb12/prodigal_output/predicted_genes/predicted.faa
# Option settings: hmmsearch --domtblout /home/dich3309/rnaseq-tnseq-enterococcus-analysis/analyses/03_assembly_evaluation/busco_enterococcus_odb12/spades_scaffolds_illumina_enterococcus_odb12/run_enterococcus_odb12/hmmer_output/17244at1350.out --cpu 1 /sw/data/local/BUSCO_Data/v5/lineages/enterococcus_odb12/hmms/17244at1350.hmm /home/dich3309/rnaseq-tnseq-enterococcus-analysis/analyses/03_assembly_evaluation/busco_enterococcus_odb12/spades_scaffolds_illumina_enterococcus_odb12/prodigal_output/predicted_genes/predicted.faa 
# Current dir:     /gorilla/home/dich3309/rnaseq-tnseq-enterococcus-analysis/code
# Date:            Tue Apr 28 22:12:13 2026
# [ok]
