#                                                                                                        --- full sequence --- -------------- this domain -------------   hmm coord   ali coord   env coord
# target name                                    accession   tlen query name           accession   qlen   E-value  score  bias   #  of  c-Evalue  i-Evalue  score  bias  from    to  from    to  from    to  acc description of target
#                            ------------------- ---------- ----- -------------------- ---------- ----- --------- ------ ----- --- --- --------- --------- ------ ----- ----- ----- ----- ----- ----- ----- ---- ---------------------
NODE_6_length_99885_cov_29.307212:77346-78722|+  -            459 1737                 -            458         0 1033.9   0.3   1   1         0         0 1033.7   0.3     1   457     1   457     1   458 1.00 NODE_6_length_99885_cov_29.307212_76 # 77346 # 78722 # 1 # ID=6_76;partial=00;start_type=ATG;rbs_motif=AGGAGG;rbs_spacer=5-10bp;gc_cont=0.424
NODE_22_length_43520_cov_30.536294:11284-12840|+ -            519 1737                 -            458   1.6e-34  116.6   0.4   1   1   2.8e-37   2.2e-34  116.2   0.4    67   376    85   389    28   399 0.89 NODE_22_length_43520_cov_30.536294_14 # 11284 # 12840 # 1 # ID=22_14;partial=00;start_type=ATG;rbs_motif=GGA/GAG/AGG;rbs_spacer=5-10bp;gc_cont=0.411
NODE_6_length_99885_cov_29.307212:75572-77353|+  -            594 1737                 -            458   1.5e-29  100.3   2.3   1   3   4.7e-09   3.6e-06   23.1   0.3     9   106     7   100     2   107 0.82 NODE_6_length_99885_cov_29.307212_75 # 75572 # 77353 # 1 # ID=6_75;partial=00;start_type=TTG;rbs_motif=AGGAG;rbs_spacer=5-10bp;gc_cont=0.428
NODE_6_length_99885_cov_29.307212:75572-77353|+  -            594 1737                 -            458   1.5e-29  100.3   2.3   2   3      0.36   2.8e+02   -2.8   0.0   312   356   129   173   124   191 0.74 NODE_6_length_99885_cov_29.307212_75 # 75572 # 77353 # 1 # ID=6_75;partial=00;start_type=TTG;rbs_motif=AGGAG;rbs_spacer=5-10bp;gc_cont=0.428
NODE_6_length_99885_cov_29.307212:75572-77353|+  -            594 1737                 -            458   1.5e-29  100.3   2.3   3   3   3.1e-25   2.4e-22   76.5   0.0   124   437   205   525   196   544 0.83 NODE_6_length_99885_cov_29.307212_75 # 75572 # 77353 # 1 # ID=6_75;partial=00;start_type=TTG;rbs_motif=AGGAG;rbs_spacer=5-10bp;gc_cont=0.428
NODE_22_length_43520_cov_30.536294:13779-15185|+ -            469 1737                 -            458   1.3e-27   93.9   0.8   1   1   2.1e-30   1.6e-27   93.6   0.8    36   418    36   412     4   419 0.80 NODE_22_length_43520_cov_30.536294_16 # 13779 # 15185 # 1 # ID=22_16;partial=00;start_type=ATG;rbs_motif=GGAGG;rbs_spacer=5-10bp;gc_cont=0.420
#
# Program:         hmmsearch
# Version:         3.4 (Aug 2023)
# Pipeline mode:   SEARCH
# Query file:      /sw/data/local/BUSCO_Data/v5/lineages/enterococcus_odb12/hmms/1737at1350.hmm
# Target file:     /home/dich3309/rnaseq-tnseq-enterococcus-analysis/analyses/03_assembly_evaluation/busco_enterococcus_odb12/spades_scaffolds_illumina_enterococcus_odb12/prodigal_output/predicted_genes/predicted.faa
# Option settings: hmmsearch --domtblout /home/dich3309/rnaseq-tnseq-enterococcus-analysis/analyses/03_assembly_evaluation/busco_enterococcus_odb12/spades_scaffolds_illumina_enterococcus_odb12/run_enterococcus_odb12/hmmer_output/1737at1350.out --cpu 1 /sw/data/local/BUSCO_Data/v5/lineages/enterococcus_odb12/hmms/1737at1350.hmm /home/dich3309/rnaseq-tnseq-enterococcus-analysis/analyses/03_assembly_evaluation/busco_enterococcus_odb12/spades_scaffolds_illumina_enterococcus_odb12/prodigal_output/predicted_genes/predicted.faa 
# Current dir:     /gorilla/home/dich3309/rnaseq-tnseq-enterococcus-analysis/code
# Date:            Tue Apr 28 22:12:14 2026
# [ok]
