#                                                                                                        --- full sequence --- -------------- this domain -------------   hmm coord   ali coord   env coord
# target name                                    accession   tlen query name           accession   qlen   E-value  score  bias   #  of  c-Evalue  i-Evalue  score  bias  from    to  from    to  from    to  acc description of target
#                            ------------------- ---------- ----- -------------------- ---------- ----- --------- ------ ----- --- --- --------- --------- ------ ----- ----- ----- ----- ----- ----- ----- ---- ---------------------
NODE_4_length_101830_cov_39.048283:4390-5661|+   -            424 19295                -            422  3.7e-267  883.3   0.9   1   1  6.7e-270  4.1e-267  883.1   0.9     1   422     1   423     1   423 1.00 NODE_4_length_101830_cov_39.048283_3 # 4390 # 5661 # 1 # ID=4_3;partial=00;start_type=ATG;rbs_motif=AGGAGG;rbs_spacer=5-10bp;gc_cont=0.384
NODE_10_length_83811_cov_29.795656:37799-39508|+ -            570 19295                -            422   6.1e-08   29.3   0.0   1   2   4.1e-10   2.5e-07   27.2   0.0   166   332    42   208    27   215 0.88 NODE_10_length_83811_cov_29.795656_41 # 37799 # 39508 # 1 # ID=10_41;partial=00;start_type=ATG;rbs_motif=AGGAG;rbs_spacer=5-10bp;gc_cont=0.398
NODE_10_length_83811_cov_29.795656:37799-39508|+ -            570 19295                -            422   6.1e-08   29.3   0.0   2   2      0.19   1.2e+02   -1.3   0.0   371   405   430   462   426   475 0.74 NODE_10_length_83811_cov_29.795656_41 # 37799 # 39508 # 1 # ID=10_41;partial=00;start_type=ATG;rbs_motif=AGGAG;rbs_spacer=5-10bp;gc_cont=0.398
NODE_63_length_11496_cov_31.110392:5846-7786|+   -            647 19295                -            422   2.2e-06   24.1   0.0   1   1   6.3e-09   3.9e-06   23.3   0.0   159   267   258   370   222   434 0.83 NODE_63_length_11496_cov_31.110392_5 # 5846 # 7786 # 1 # ID=63_5;partial=00;start_type=ATG;rbs_motif=AGGAGG;rbs_spacer=5-10bp;gc_cont=0.401
NODE_14_length_56501_cov_33.217624:48522-48866|+ -            115 19295                -            422    0.0034   13.6   0.3   1   1   6.1e-06    0.0038   13.5   0.3    35   109    29   112    17   114 0.79 NODE_14_length_56501_cov_33.217624_44 # 48522 # 48866 # 1 # ID=14_44;partial=00;start_type=ATG;rbs_motif=AGxAGG/AGGxGG;rbs_spacer=5-10bp;gc_cont=0.374
NODE_137_length_1627_cov_88.714377:315-1502|+    -            396 19295                -            422    0.0068   12.7   0.0   1   1   1.6e-05    0.0096   12.2   0.0    22   107   193   278   184   306 0.80 NODE_137_length_1627_cov_88.714377_1 # 315 # 1502 # 1 # ID=137_1;partial=00;start_type=ATG;rbs_motif=GGA/GAG/AGG;rbs_spacer=5-10bp;gc_cont=0.398
#
# Program:         hmmsearch
# Version:         3.4 (Aug 2023)
# Pipeline mode:   SEARCH
# Query file:      /sw/data/local/BUSCO_Data/v5/lineages/enterococcus_odb12/hmms/19295at1350.hmm
# Target file:     /home/dich3309/rnaseq-tnseq-enterococcus-analysis/analyses/03_assembly_evaluation/busco_enterococcus_odb12/spades_scaffolds_illumina_enterococcus_odb12/prodigal_output/predicted_genes/predicted.faa
# Option settings: hmmsearch --domtblout /home/dich3309/rnaseq-tnseq-enterococcus-analysis/analyses/03_assembly_evaluation/busco_enterococcus_odb12/spades_scaffolds_illumina_enterococcus_odb12/run_enterococcus_odb12/hmmer_output/19295at1350.out --cpu 1 /sw/data/local/BUSCO_Data/v5/lineages/enterococcus_odb12/hmms/19295at1350.hmm /home/dich3309/rnaseq-tnseq-enterococcus-analysis/analyses/03_assembly_evaluation/busco_enterococcus_odb12/spades_scaffolds_illumina_enterococcus_odb12/prodigal_output/predicted_genes/predicted.faa 
# Current dir:     /gorilla/home/dich3309/rnaseq-tnseq-enterococcus-analysis/code
# Date:            Tue Apr 28 22:12:24 2026
# [ok]
