#                                                                                                        --- full sequence --- -------------- this domain -------------   hmm coord   ali coord   env coord
# target name                                    accession   tlen query name           accession   qlen   E-value  score  bias   #  of  c-Evalue  i-Evalue  score  bias  from    to  from    to  from    to  acc description of target
#                            ------------------- ---------- ----- -------------------- ---------- ----- --------- ------ ----- --- --- --------- --------- ------ ----- ----- ----- ----- ----- ----- ----- ---- ---------------------
NODE_13_length_59599_cov_35.538241:28345-29703|+ -            453 19463                -            447  1.2e-244  809.5   0.0   1   1  2.7e-247  1.4e-244  809.3   0.0     1   447     4   452     4   452 0.99 NODE_13_length_59599_cov_35.538241_26 # 28345 # 29703 # 1 # ID=13_26;partial=00;start_type=ATG;rbs_motif=AGxAGG/AGGxGG;rbs_spacer=5-10bp;gc_cont=0.412
NODE_29_length_31200_cov_30.116648:19072-20442|+ -            457 19463                -            447   1.8e-41  139.8   0.0   1   1   4.9e-44   2.5e-41  139.3   0.0   227   444    78   300    48   302 0.85 NODE_29_length_31200_cov_30.116648_18 # 19072 # 20442 # 1 # ID=29_18;partial=00;start_type=ATG;rbs_motif=None;rbs_spacer=None;gc_cont=0.403
NODE_2_length_109676_cov_33.984218:48213-48662|- -            150 19463                -            447   5.9e-12   42.5   0.0   1   1   1.2e-14   6.2e-12   42.4   0.0    47   131    56   143     6   147 0.84 NODE_2_length_109676_cov_33.984218_56 # 48213 # 48662 # -1 # ID=2_56;partial=00;start_type=ATG;rbs_motif=GGAG/GAGG;rbs_spacer=5-10bp;gc_cont=0.376
NODE_9_length_85202_cov_37.123657:77129-77695|+  -            189 19463                -            447   0.00075   15.8   0.1   1   1     2e-06     0.001   15.4   0.1   252   309    17    74     7    91 0.90 NODE_9_length_85202_cov_37.123657_57 # 77129 # 77695 # 1 # ID=9_57;partial=00;start_type=ATG;rbs_motif=GGA/GAG/AGG;rbs_spacer=5-10bp;gc_cont=0.409
NODE_2_length_109676_cov_33.984218:62813-63496|- -            228 19463                -            447    0.0032   13.7   0.0   1   1   8.5e-06    0.0044   13.3   0.0   254   333    61   139    42   145 0.83 NODE_2_length_109676_cov_33.984218_72 # 62813 # 63496 # -1 # ID=2_72;partial=00;start_type=ATG;rbs_motif=AGGAGG;rbs_spacer=5-10bp;gc_cont=0.402
NODE_5_length_100374_cov_29.640417:70306-70866|+ -            187 19463                -            447    0.0035   13.6   0.0   1   1   8.9e-06    0.0046   13.2   0.0   256   336    43   123    38   131 0.82 NODE_5_length_100374_cov_29.640417_64 # 70306 # 70866 # 1 # ID=5_64;partial=00;start_type=ATG;rbs_motif=AGGAG;rbs_spacer=5-10bp;gc_cont=0.390
#
# Program:         hmmsearch
# Version:         3.4 (Aug 2023)
# Pipeline mode:   SEARCH
# Query file:      /sw/data/local/BUSCO_Data/v5/lineages/enterococcus_odb12/hmms/19463at1350.hmm
# Target file:     /home/dich3309/rnaseq-tnseq-enterococcus-analysis/analyses/03_assembly_evaluation/busco_enterococcus_odb12/spades_scaffolds_illumina_enterococcus_odb12/prodigal_output/predicted_genes/predicted.faa
# Option settings: hmmsearch --domtblout /home/dich3309/rnaseq-tnseq-enterococcus-analysis/analyses/03_assembly_evaluation/busco_enterococcus_odb12/spades_scaffolds_illumina_enterococcus_odb12/run_enterococcus_odb12/hmmer_output/19463at1350.out --cpu 1 /sw/data/local/BUSCO_Data/v5/lineages/enterococcus_odb12/hmms/19463at1350.hmm /home/dich3309/rnaseq-tnseq-enterococcus-analysis/analyses/03_assembly_evaluation/busco_enterococcus_odb12/spades_scaffolds_illumina_enterococcus_odb12/prodigal_output/predicted_genes/predicted.faa 
# Current dir:     /gorilla/home/dich3309/rnaseq-tnseq-enterococcus-analysis/code
# Date:            Tue Apr 28 22:12:25 2026
# [ok]
