#                                                                                                        --- full sequence --- -------------- this domain -------------   hmm coord   ali coord   env coord
# target name                                    accession   tlen query name           accession   qlen   E-value  score  bias   #  of  c-Evalue  i-Evalue  score  bias  from    to  from    to  from    to  acc description of target
#                            ------------------- ---------- ----- -------------------- ---------- ----- --------- ------ ----- --- --- --------- --------- ------ ----- ----- ----- ----- ----- ----- ----- ---- ---------------------
NODE_14_length_56501_cov_33.217624:17992-18867|- -            292 19619                -            291  4.7e-174  574.6  12.1   1   1    1e-176  5.2e-174  574.4  12.1     1   290     1   290     1   291 1.00 NODE_14_length_56501_cov_33.217624_13 # 17992 # 18867 # -1 # ID=14_13;partial=00;start_type=ATG;rbs_motif=None;rbs_spacer=None;gc_cont=0.390
NODE_5_length_100374_cov_29.640417:87838-88776|+ -            313 19619                -            291   3.8e-69  230.2  16.7   1   1   9.1e-72   4.6e-69  229.9  16.7     3   289     5   290     3   292 0.97 NODE_5_length_100374_cov_29.640417_82 # 87838 # 88776 # 1 # ID=5_82;partial=00;start_type=GTG;rbs_motif=AGxAGG/AGGxGG;rbs_spacer=5-10bp;gc_cont=0.379
NODE_3_length_106498_cov_28.709525:76818-77588|+ -            257 19619                -            291   1.6e-28   96.9   8.3   1   1   3.7e-31   1.9e-28   96.7   8.3    34   286     2   249     1   253 0.88 NODE_3_length_106498_cov_28.709525_71 # 76818 # 77588 # 1 # ID=3_71;partial=00;start_type=ATG;rbs_motif=AGGAG/GGAGG;rbs_spacer=11-12bp;gc_cont=0.372
NODE_11_length_80003_cov_31.743608:23500-24375|- -            292 19619                -            291     6e-25   85.2   9.4   1   1   1.6e-27   8.1e-25   84.7   9.4    36   283    29   274     3   280 0.85 NODE_11_length_80003_cov_31.743608_25 # 23500 # 24375 # -1 # ID=11_25;partial=00;start_type=ATG;rbs_motif=GGA/GAG/AGG;rbs_spacer=5-10bp;gc_cont=0.396
NODE_11_length_80003_cov_31.743608:67303-67971|- -            223 19619                -            291   2.5e-09   33.9  13.5   1   1   6.2e-12   3.2e-09   33.5  13.5    25   190    18   180     3   194 0.81 NODE_11_length_80003_cov_31.743608_67 # 67303 # 67971 # -1 # ID=11_67;partial=00;start_type=ATG;rbs_motif=GGAG/GAGG;rbs_spacer=5-10bp;gc_cont=0.362
NODE_9_length_85202_cov_37.123657:48781-49371|+  -            197 19619                -            291   1.3e-06   25.0  18.3   1   1   7.4e-09   3.8e-06   23.5  18.3    17   196     8   181     2   187 0.92 NODE_9_length_85202_cov_37.123657_37 # 48781 # 49371 # 1 # ID=9_37;partial=00;start_type=ATG;rbs_motif=AGGAG;rbs_spacer=5-10bp;gc_cont=0.389
#
# Program:         hmmsearch
# Version:         3.4 (Aug 2023)
# Pipeline mode:   SEARCH
# Query file:      /sw/data/local/BUSCO_Data/v5/lineages/enterococcus_odb12/hmms/19619at1350.hmm
# Target file:     /home/dich3309/rnaseq-tnseq-enterococcus-analysis/analyses/03_assembly_evaluation/busco_enterococcus_odb12/spades_scaffolds_illumina_enterococcus_odb12/prodigal_output/predicted_genes/predicted.faa
# Option settings: hmmsearch --domtblout /home/dich3309/rnaseq-tnseq-enterococcus-analysis/analyses/03_assembly_evaluation/busco_enterococcus_odb12/spades_scaffolds_illumina_enterococcus_odb12/run_enterococcus_odb12/hmmer_output/19619at1350.out --cpu 1 /sw/data/local/BUSCO_Data/v5/lineages/enterococcus_odb12/hmms/19619at1350.hmm /home/dich3309/rnaseq-tnseq-enterococcus-analysis/analyses/03_assembly_evaluation/busco_enterococcus_odb12/spades_scaffolds_illumina_enterococcus_odb12/prodigal_output/predicted_genes/predicted.faa 
# Current dir:     /gorilla/home/dich3309/rnaseq-tnseq-enterococcus-analysis/code
# Date:            Tue Apr 28 22:12:26 2026
# [ok]
