#                                                                                                        --- full sequence --- -------------- this domain -------------   hmm coord   ali coord   env coord
# target name                                    accession   tlen query name           accession   qlen   E-value  score  bias   #  of  c-Evalue  i-Evalue  score  bias  from    to  from    to  from    to  acc description of target
#                            ------------------- ---------- ----- -------------------- ---------- ----- --------- ------ ----- --- --- --------- --------- ------ ----- ----- ----- ----- ----- ----- ----- ---- ---------------------
NODE_13_length_59599_cov_35.538241:56923-57927|+ -            335 19724                -            328  5.5e-210  693.4   4.4   1   1  8.4e-213  6.4e-210  693.2   4.4     1   325     4   328     4   331 0.99 NODE_13_length_59599_cov_35.538241_50 # 56923 # 57927 # 1 # ID=13_50;partial=00;start_type=GTG;rbs_motif=AGGAGG;rbs_spacer=5-10bp;gc_cont=0.411
NODE_16_length_53957_cov_35.398816:14532-15515|+ -            328 19724                -            328   6.8e-26   88.4   0.0   1   1   3.9e-28     3e-25   86.3   0.0    13   321    14   319     8   323 0.80 NODE_16_length_53957_cov_35.398816_15 # 14532 # 15515 # 1 # ID=16_15;partial=00;start_type=ATG;rbs_motif=GGA/GAG/AGG;rbs_spacer=5-10bp;gc_cont=0.425
NODE_23_length_43480_cov_29.402948:6041-6973|-   -            311 19724                -            328   5.1e-09   32.9   0.2   1   2   3.9e-07    0.0003   17.2   0.0    51   170    83   193    44   208 0.79 NODE_23_length_43480_cov_29.402948_7 # 6041 # 6973 # -1 # ID=23_7;partial=00;start_type=ATG;rbs_motif=AGGAG;rbs_spacer=5-10bp;gc_cont=0.437
NODE_23_length_43480_cov_29.402948:6041-6973|-   -            311 19724                -            328   5.1e-09   32.9   0.2   2   2   4.1e-06    0.0031   13.9   0.0   187   238   230   280   224   290 0.89 NODE_23_length_43480_cov_29.402948_7 # 6041 # 6973 # -1 # ID=23_7;partial=00;start_type=ATG;rbs_motif=AGGAG;rbs_spacer=5-10bp;gc_cont=0.437
NODE_3_length_106498_cov_28.709525:97589-98272|- -            228 19724                -            328   0.00033   17.1   0.0   1   2     0.077        59   -0.2   0.0   125   160    50    85    33   125 0.70 NODE_3_length_106498_cov_28.709525_91 # 97589 # 98272 # -1 # ID=3_91;partial=00;start_type=GTG;rbs_motif=GGAGG;rbs_spacer=5-10bp;gc_cont=0.404
NODE_3_length_106498_cov_28.709525:97589-98272|- -            228 19724                -            328   0.00033   17.1   0.0   2   2   1.9e-06    0.0015   15.0   0.0   153   244   131   220   121   226 0.82 NODE_3_length_106498_cov_28.709525_91 # 97589 # 98272 # -1 # ID=3_91;partial=00;start_type=GTG;rbs_motif=GGAGG;rbs_spacer=5-10bp;gc_cont=0.404
#
# Program:         hmmsearch
# Version:         3.4 (Aug 2023)
# Pipeline mode:   SEARCH
# Query file:      /sw/data/local/BUSCO_Data/v5/lineages/enterococcus_odb12/hmms/19724at1350.hmm
# Target file:     /home/dich3309/rnaseq-tnseq-enterococcus-analysis/analyses/03_assembly_evaluation/busco_enterococcus_odb12/spades_scaffolds_illumina_enterococcus_odb12/prodigal_output/predicted_genes/predicted.faa
# Option settings: hmmsearch --domtblout /home/dich3309/rnaseq-tnseq-enterococcus-analysis/analyses/03_assembly_evaluation/busco_enterococcus_odb12/spades_scaffolds_illumina_enterococcus_odb12/run_enterococcus_odb12/hmmer_output/19724at1350.out --cpu 1 /sw/data/local/BUSCO_Data/v5/lineages/enterococcus_odb12/hmms/19724at1350.hmm /home/dich3309/rnaseq-tnseq-enterococcus-analysis/analyses/03_assembly_evaluation/busco_enterococcus_odb12/spades_scaffolds_illumina_enterococcus_odb12/prodigal_output/predicted_genes/predicted.faa 
# Current dir:     /gorilla/home/dich3309/rnaseq-tnseq-enterococcus-analysis/code
# Date:            Tue Apr 28 22:12:26 2026
# [ok]
