#                                                                                                        --- full sequence --- -------------- this domain -------------   hmm coord   ali coord   env coord
# target name                                    accession   tlen query name           accession   qlen   E-value  score  bias   #  of  c-Evalue  i-Evalue  score  bias  from    to  from    to  from    to  acc description of target
#                            ------------------- ---------- ----- -------------------- ---------- ----- --------- ------ ----- --- --- --------- --------- ------ ----- ----- ----- ----- ----- ----- ----- ---- ---------------------
NODE_36_length_23986_cov_34.471021:10081-12726|- -            882 20132                -            846         0 1696.8  21.6   1   2         0         0 1652.0  11.3     1   799     1   800     1   818 0.99 NODE_36_length_23986_cov_34.471021_11 # 10081 # 12726 # -1 # ID=36_11;partial=00;start_type=ATG;rbs_motif=AGGAGG;rbs_spacer=5-10bp;gc_cont=0.404
NODE_36_length_23986_cov_34.471021:10081-12726|- -            882 20132                -            846         0 1696.8  21.6   2   2   2.2e-17   1.7e-14   50.6   2.7   794   846   829   881   821   881 0.92 NODE_36_length_23986_cov_34.471021_11 # 10081 # 12726 # -1 # ID=36_11;partial=00;start_type=ATG;rbs_motif=AGGAGG;rbs_spacer=5-10bp;gc_cont=0.404
NODE_40_length_20764_cov_33.573953:18002-19930|+ -            643 20132                -            846     7e-32  108.1   1.1   1   1   9.1e-35     7e-32  108.1   1.1   494   729   220   451   190   519 0.88 NODE_40_length_20764_cov_33.573953_17 # 18002 # 19930 # 1 # ID=40_17;partial=00;start_type=ATG;rbs_motif=AGGAG;rbs_spacer=5-10bp;gc_cont=0.393
NODE_6_length_99885_cov_29.307212:60396-62756|+  -            787 20132                -            846   8.5e-30  101.2   2.3   1   2   1.1e-32   8.7e-30  101.1   0.3   534   799   264   523   248   557 0.87 NODE_6_length_99885_cov_29.307212_62 # 60396 # 62756 # 1 # ID=6_62;partial=00;start_type=ATG;rbs_motif=GGA/GAG/AGG;rbs_spacer=5-10bp;gc_cont=0.415
NODE_6_length_99885_cov_29.307212:60396-62756|+  -            787 20132                -            846   8.5e-30  101.2   2.3   2   2      0.15   1.1e+02   -1.8   0.1   336   368   589   621   562   641 0.73 NODE_6_length_99885_cov_29.307212_62 # 60396 # 62756 # 1 # ID=6_62;partial=00;start_type=ATG;rbs_motif=GGA/GAG/AGG;rbs_spacer=5-10bp;gc_cont=0.415
NODE_16_length_53957_cov_35.398816:10175-11824|+ -            550 20132                -            846   1.8e-16   57.1   0.0   1   1   3.4e-19   2.6e-16   56.5   0.0   593   785   346   534   333   545 0.85 NODE_16_length_53957_cov_35.398816_11 # 10175 # 11824 # 1 # ID=16_11;partial=00;start_type=ATG;rbs_motif=GGAG/GAGG;rbs_spacer=5-10bp;gc_cont=0.383
#
# Program:         hmmsearch
# Version:         3.4 (Aug 2023)
# Pipeline mode:   SEARCH
# Query file:      /sw/data/local/BUSCO_Data/v5/lineages/enterococcus_odb12/hmms/20132at1350.hmm
# Target file:     /home/dich3309/rnaseq-tnseq-enterococcus-analysis/analyses/03_assembly_evaluation/busco_enterococcus_odb12/spades_scaffolds_illumina_enterococcus_odb12/prodigal_output/predicted_genes/predicted.faa
# Option settings: hmmsearch --domtblout /home/dich3309/rnaseq-tnseq-enterococcus-analysis/analyses/03_assembly_evaluation/busco_enterococcus_odb12/spades_scaffolds_illumina_enterococcus_odb12/run_enterococcus_odb12/hmmer_output/20132at1350.out --cpu 1 /sw/data/local/BUSCO_Data/v5/lineages/enterococcus_odb12/hmms/20132at1350.hmm /home/dich3309/rnaseq-tnseq-enterococcus-analysis/analyses/03_assembly_evaluation/busco_enterococcus_odb12/spades_scaffolds_illumina_enterococcus_odb12/prodigal_output/predicted_genes/predicted.faa 
# Current dir:     /gorilla/home/dich3309/rnaseq-tnseq-enterococcus-analysis/code
# Date:            Tue Apr 28 22:12:28 2026
# [ok]
