#                                                                                                        --- full sequence --- -------------- this domain -------------   hmm coord   ali coord   env coord
# target name                                    accession   tlen query name           accession   qlen   E-value  score  bias   #  of  c-Evalue  i-Evalue  score  bias  from    to  from    to  from    to  acc description of target
#                            ------------------- ---------- ----- -------------------- ---------- ----- --------- ------ ----- --- --- --------- --------- ------ ----- ----- ----- ----- ----- ----- ----- ---- ---------------------
NODE_12_length_78125_cov_33.572102:42715-43689|- -            325 20214                -            317  2.3e-195  645.6   0.4   1   1  5.1e-198  2.6e-195  645.4   0.4     2   317     3   321     2   321 0.98 NODE_12_length_78125_cov_33.572102_40 # 42715 # 43689 # -1 # ID=12_40;partial=00;start_type=ATG;rbs_motif=GGAGG;rbs_spacer=5-10bp;gc_cont=0.407
NODE_13_length_59599_cov_35.538241:16902-17873|+ -            324 20214                -            317    2e-144  478.3   0.5   1   1  4.4e-147  2.3e-144  478.1   0.5     2   316     3   322     2   323 0.97 NODE_13_length_59599_cov_35.538241_14 # 16902 # 17873 # 1 # ID=13_14;partial=00;start_type=ATG;rbs_motif=GGAGG;rbs_spacer=5-10bp;gc_cont=0.402
NODE_23_length_43480_cov_29.402948:4692-5321|-   -            210 20214                -            317   9.9e-06   22.6   0.0   1   1   2.4e-08   1.2e-05   22.3   0.0   170   280    68   183    53   197 0.83 NODE_23_length_43480_cov_29.402948_5 # 4692 # 5321 # -1 # ID=23_5;partial=00;start_type=ATG;rbs_motif=GGAG/GAGG;rbs_spacer=5-10bp;gc_cont=0.394
NODE_5_length_100374_cov_29.640417:34249-35688|+ -            480 20214                -            317   2.3e-05   21.4   0.0   1   1   7.7e-08     4e-05   20.6   0.0   206   247   343   384   335   411 0.89 NODE_5_length_100374_cov_29.640417_36 # 34249 # 35688 # 1 # ID=5_36;partial=00;start_type=ATG;rbs_motif=GGAGG;rbs_spacer=5-10bp;gc_cont=0.416
NODE_23_length_43480_cov_29.402948:15604-16143|- -            180 20214                -            317    0.0033   14.3   0.1   1   1   2.2e-05     0.011   12.5   0.1   207   240    89   122    16   133 0.84 NODE_23_length_43480_cov_29.402948_15 # 15604 # 16143 # -1 # ID=23_15;partial=00;start_type=ATG;rbs_motif=AGxAGG/AGGxGG;rbs_spacer=5-10bp;gc_cont=0.404
NODE_22_length_43520_cov_30.536294:24713-25432|+ -            240 20214                -            317      0.01   12.7   0.0   1   1   2.8e-05     0.014   12.2   0.0   209   243   197   231   188   237 0.86 NODE_22_length_43520_cov_30.536294_31 # 24713 # 25432 # 1 # ID=22_31;partial=00;start_type=GTG;rbs_motif=AGxAGG/AGGxGG;rbs_spacer=11-12bp;gc_cont=0.389
#
# Program:         hmmsearch
# Version:         3.4 (Aug 2023)
# Pipeline mode:   SEARCH
# Query file:      /sw/data/local/BUSCO_Data/v5/lineages/enterococcus_odb12/hmms/20214at1350.hmm
# Target file:     /home/dich3309/rnaseq-tnseq-enterococcus-analysis/analyses/03_assembly_evaluation/busco_enterococcus_odb12/spades_scaffolds_illumina_enterococcus_odb12/prodigal_output/predicted_genes/predicted.faa
# Option settings: hmmsearch --domtblout /home/dich3309/rnaseq-tnseq-enterococcus-analysis/analyses/03_assembly_evaluation/busco_enterococcus_odb12/spades_scaffolds_illumina_enterococcus_odb12/run_enterococcus_odb12/hmmer_output/20214at1350.out --cpu 1 /sw/data/local/BUSCO_Data/v5/lineages/enterococcus_odb12/hmms/20214at1350.hmm /home/dich3309/rnaseq-tnseq-enterococcus-analysis/analyses/03_assembly_evaluation/busco_enterococcus_odb12/spades_scaffolds_illumina_enterococcus_odb12/prodigal_output/predicted_genes/predicted.faa 
# Current dir:     /gorilla/home/dich3309/rnaseq-tnseq-enterococcus-analysis/code
# Date:            Tue Apr 28 22:12:29 2026
# [ok]
