#                                                                                                        --- full sequence --- -------------- this domain -------------   hmm coord   ali coord   env coord
# target name                                    accession   tlen query name           accession   qlen   E-value  score  bias   #  of  c-Evalue  i-Evalue  score  bias  from    to  from    to  from    to  acc description of target
#                            ------------------- ---------- ----- -------------------- ---------- ----- --------- ------ ----- --- --- --------- --------- ------ ----- ----- ----- ----- ----- ----- ----- ---- ---------------------
NODE_17_length_53451_cov_37.688722:32616-33584|+ -            323 20235                -            310  2.9e-147  487.4   0.0   1   1  6.4e-150  3.3e-147  487.3   0.0     1   310     1   319     1   319 0.96 NODE_17_length_53451_cov_37.688722_25 # 32616 # 33584 # 1 # ID=17_25;partial=00;start_type=ATG;rbs_motif=AGGAG;rbs_spacer=5-10bp;gc_cont=0.424
NODE_8_length_86165_cov_28.227035:62225-62983|-  -            253 20235                -            310    0.0001   19.2   0.7   1   1   3.2e-07   0.00016   18.6   0.7     4    94     9   102     6   117 0.80 NODE_8_length_86165_cov_28.227035_56 # 62225 # 62983 # -1 # ID=8_56;partial=00;start_type=GTG;rbs_motif=GGAG/GAGG;rbs_spacer=5-10bp;gc_cont=0.385
NODE_85_length_5986_cov_36.258472:697-1431|+     -            245 20235                -            310    0.0003   17.7   0.0   1   1   8.9e-07   0.00046   17.1   0.0    11    54    27    70    17    98 0.83 NODE_85_length_5986_cov_36.258472_1 # 697 # 1431 # 1 # ID=85_1;partial=00;start_type=ATG;rbs_motif=AGGAG;rbs_spacer=5-10bp;gc_cont=0.389
NODE_43_length_19960_cov_28.697915:11614-12384|- -            257 20235                -            310   0.00052   16.9   0.1   1   1   1.5e-06   0.00077   16.3   0.1     4    71    12    80     9   113 0.80 NODE_43_length_19960_cov_28.697915_10 # 11614 # 12384 # -1 # ID=43_10;partial=00;start_type=ATG;rbs_motif=AGGAGG;rbs_spacer=5-10bp;gc_cont=0.341
NODE_38_length_23628_cov_35.195393:8982-9503|+   -            174 20235                -            310    0.0014   15.5   0.1   1   1   3.3e-06    0.0017   15.2   0.1     4    67     8    71     5   103 0.78 NODE_38_length_23628_cov_35.195393_10 # 8982 # 9503 # 1 # ID=38_10;partial=00;start_type=GTG;rbs_motif=AGGAGG;rbs_spacer=5-10bp;gc_cont=0.412
NODE_4_length_101830_cov_39.048283:52289-53074|- -            262 20235                -            310    0.0029   14.5   0.2   1   1   9.8e-06     0.005   13.7   0.2     7    83    10    84     1   108 0.69 NODE_4_length_101830_cov_39.048283_47 # 52289 # 53074 # -1 # ID=4_47;partial=00;start_type=ATG;rbs_motif=GGAG/GAGG;rbs_spacer=5-10bp;gc_cont=0.385
#
# Program:         hmmsearch
# Version:         3.4 (Aug 2023)
# Pipeline mode:   SEARCH
# Query file:      /sw/data/local/BUSCO_Data/v5/lineages/enterococcus_odb12/hmms/20235at1350.hmm
# Target file:     /home/dich3309/rnaseq-tnseq-enterococcus-analysis/analyses/03_assembly_evaluation/busco_enterococcus_odb12/spades_scaffolds_illumina_enterococcus_odb12/prodigal_output/predicted_genes/predicted.faa
# Option settings: hmmsearch --domtblout /home/dich3309/rnaseq-tnseq-enterococcus-analysis/analyses/03_assembly_evaluation/busco_enterococcus_odb12/spades_scaffolds_illumina_enterococcus_odb12/run_enterococcus_odb12/hmmer_output/20235at1350.out --cpu 1 /sw/data/local/BUSCO_Data/v5/lineages/enterococcus_odb12/hmms/20235at1350.hmm /home/dich3309/rnaseq-tnseq-enterococcus-analysis/analyses/03_assembly_evaluation/busco_enterococcus_odb12/spades_scaffolds_illumina_enterococcus_odb12/prodigal_output/predicted_genes/predicted.faa 
# Current dir:     /gorilla/home/dich3309/rnaseq-tnseq-enterococcus-analysis/code
# Date:            Tue Apr 28 22:12:29 2026
# [ok]
