#                                                                                                        --- full sequence --- -------------- this domain -------------   hmm coord   ali coord   env coord
# target name                                    accession   tlen query name           accession   qlen   E-value  score  bias   #  of  c-Evalue  i-Evalue  score  bias  from    to  from    to  from    to  acc description of target
#                            ------------------- ---------- ----- -------------------- ---------- ----- --------- ------ ----- --- --- --------- --------- ------ ----- ----- ----- ----- ----- ----- ----- ---- ---------------------
NODE_12_length_78125_cov_33.572102:41390-42526|- -            379 20492                -            380  2.5e-215  712.2   0.6   1   1  5.4e-218  2.8e-215  712.0   0.6     1   378     1   378     1   378 1.00 NODE_12_length_78125_cov_33.572102_39 # 41390 # 42526 # -1 # ID=12_39;partial=00;start_type=GTG;rbs_motif=GGA/GAG/AGG;rbs_spacer=5-10bp;gc_cont=0.412
NODE_28_length_32648_cov_29.742705:11244-12386|+ -            381 20492                -            380   1.2e-98  328.1   0.1   1   1  2.8e-101   1.4e-98  327.8   0.1     3   376     1   373     1   377 0.95 NODE_28_length_32648_cov_29.742705_12 # 11244 # 12386 # 1 # ID=28_12;partial=00;start_type=ATG;rbs_motif=GGAG/GAGG;rbs_spacer=5-10bp;gc_cont=0.394
NODE_12_length_78125_cov_33.572102:15763-16998|- -            412 20492                -            380   8.6e-33  111.3   0.1   1   1   6.1e-35   3.1e-32  109.5   0.1     4   328    24   367    22   404 0.88 NODE_12_length_78125_cov_33.572102_15 # 15763 # 16998 # -1 # ID=12_15;partial=00;start_type=ATG;rbs_motif=GGA/GAG/AGG;rbs_spacer=5-10bp;gc_cont=0.442
NODE_10_length_83811_cov_29.795656:29172-30263|- -            364 20492                -            380   1.1e-06   25.4   0.0   1   1   3.2e-09   1.7e-06   24.8   0.0   117   215   103   204    91   213 0.76 NODE_10_length_83811_cov_29.795656_32 # 29172 # 30263 # -1 # ID=10_32;partial=00;start_type=ATG;rbs_motif=AGGA;rbs_spacer=5-10bp;gc_cont=0.394
NODE_29_length_31200_cov_30.116648:2223-2837|+   -            205 20492                -            380    0.0012   15.3   0.0   1   1     3e-06    0.0015   15.0   0.0    45   129    77   161    69   181 0.83 NODE_29_length_31200_cov_30.116648_3 # 2223 # 2837 # 1 # ID=29_3;partial=00;start_type=ATG;rbs_motif=AGxAGG/AGGxGG;rbs_spacer=5-10bp;gc_cont=0.402
NODE_12_length_78125_cov_33.572102:34291-35409|- -            373 20492                -            380    0.0039   13.7   0.0   1   1   1.1e-05    0.0054   13.2   0.0    87   180   101   196    64   221 0.70 NODE_12_length_78125_cov_33.572102_33 # 34291 # 35409 # -1 # ID=12_33;partial=00;start_type=ATG;rbs_motif=AGxAGG/AGGxGG;rbs_spacer=5-10bp;gc_cont=0.389
#
# Program:         hmmsearch
# Version:         3.4 (Aug 2023)
# Pipeline mode:   SEARCH
# Query file:      /sw/data/local/BUSCO_Data/v5/lineages/enterococcus_odb12/hmms/20492at1350.hmm
# Target file:     /home/dich3309/rnaseq-tnseq-enterococcus-analysis/analyses/03_assembly_evaluation/busco_enterococcus_odb12/spades_scaffolds_illumina_enterococcus_odb12/prodigal_output/predicted_genes/predicted.faa
# Option settings: hmmsearch --domtblout /home/dich3309/rnaseq-tnseq-enterococcus-analysis/analyses/03_assembly_evaluation/busco_enterococcus_odb12/spades_scaffolds_illumina_enterococcus_odb12/run_enterococcus_odb12/hmmer_output/20492at1350.out --cpu 1 /sw/data/local/BUSCO_Data/v5/lineages/enterococcus_odb12/hmms/20492at1350.hmm /home/dich3309/rnaseq-tnseq-enterococcus-analysis/analyses/03_assembly_evaluation/busco_enterococcus_odb12/spades_scaffolds_illumina_enterococcus_odb12/prodigal_output/predicted_genes/predicted.faa 
# Current dir:     /gorilla/home/dich3309/rnaseq-tnseq-enterococcus-analysis/code
# Date:            Tue Apr 28 22:12:31 2026
# [ok]
