#                                                                                                        --- full sequence --- -------------- this domain -------------   hmm coord   ali coord   env coord
# target name                                    accession   tlen query name           accession   qlen   E-value  score  bias   #  of  c-Evalue  i-Evalue  score  bias  from    to  from    to  from    to  acc description of target
#                            ------------------- ---------- ----- -------------------- ---------- ----- --------- ------ ----- --- --- --------- --------- ------ ----- ----- ----- ----- ----- ----- ----- ---- ---------------------
NODE_55_length_14649_cov_31.139852:4571-4750|-   -             60 21401                -             57   1.1e-43  144.6   7.7   1   1     2e-46   1.2e-43  144.4   7.7     1    57     1    57     1    57 0.99 NODE_55_length_14649_cov_31.139852_4 # 4571 # 4750 # -1 # ID=55_4;partial=00;start_type=ATG;rbs_motif=AGGAGG;rbs_spacer=5-10bp;gc_cont=0.361
NODE_21_length_44893_cov_38.330769:10224-10403|+ -             60 21401                -             57   1.8e-15   54.3   0.6   1   1   3.8e-18   2.4e-15   53.9   0.6     1    55     1    54     1    56 0.94 NODE_21_length_44893_cov_38.330769_12 # 10224 # 10403 # 1 # ID=21_12;partial=00;start_type=ATG;rbs_motif=AGGAGG;rbs_spacer=5-10bp;gc_cont=0.350
NODE_65_length_10776_cov_34.542860:2841-4361|+   -            507 21401                -             57     0.011   13.3   0.1   1   1   4.9e-05      0.03   11.9   0.1     9    48    79   118    76   122 0.93 NODE_65_length_10776_cov_34.542860_5 # 2841 # 4361 # 1 # ID=65_5;partial=00;start_type=ATG;rbs_motif=GGxGG;rbs_spacer=5-10bp;gc_cont=0.396
NODE_11_length_80003_cov_31.743608:184-2286|+    -            701 21401                -             57     0.024   12.2   1.3   1   1    0.0001     0.062   10.9   1.3    28    48     3    24     1    30 0.82 NODE_11_length_80003_cov_31.743608_1 # 184 # 2286 # 1 # ID=11_1;partial=00;start_type=GTG;rbs_motif=AGGAG/GGAGG;rbs_spacer=11-12bp;gc_cont=0.377
NODE_64_length_11014_cov_39.830733:10266-11012|- -            249 21401                -             57     0.038   11.6   0.1   1   2      0.84   5.2e+02   -1.7   1.5     8    25    73    90    70    97 0.79 NODE_64_length_11014_cov_39.830733_10 # 10266 # 11012 # -1 # ID=64_10;partial=01;start_type=Edge;rbs_motif=None;rbs_spacer=None;gc_cont=0.348
NODE_64_length_11014_cov_39.830733:10266-11012|- -            249 21401                -             57     0.038   11.6   0.1   2   2   6.2e-05     0.038   11.6   0.1    39    53   195   209   193   212 0.87 NODE_64_length_11014_cov_39.830733_10 # 10266 # 11012 # -1 # ID=64_10;partial=01;start_type=Edge;rbs_motif=None;rbs_spacer=None;gc_cont=0.348
#
# Program:         hmmsearch
# Version:         3.4 (Aug 2023)
# Pipeline mode:   SEARCH
# Query file:      /sw/data/local/BUSCO_Data/v5/lineages/enterococcus_odb12/hmms/21401at1350.hmm
# Target file:     /home/dich3309/rnaseq-tnseq-enterococcus-analysis/analyses/03_assembly_evaluation/busco_enterococcus_odb12/spades_scaffolds_illumina_enterococcus_odb12/prodigal_output/predicted_genes/predicted.faa
# Option settings: hmmsearch --domtblout /home/dich3309/rnaseq-tnseq-enterococcus-analysis/analyses/03_assembly_evaluation/busco_enterococcus_odb12/spades_scaffolds_illumina_enterococcus_odb12/run_enterococcus_odb12/hmmer_output/21401at1350.out --cpu 1 /sw/data/local/BUSCO_Data/v5/lineages/enterococcus_odb12/hmms/21401at1350.hmm /home/dich3309/rnaseq-tnseq-enterococcus-analysis/analyses/03_assembly_evaluation/busco_enterococcus_odb12/spades_scaffolds_illumina_enterococcus_odb12/prodigal_output/predicted_genes/predicted.faa 
# Current dir:     /gorilla/home/dich3309/rnaseq-tnseq-enterococcus-analysis/code
# Date:            Tue Apr 28 22:12:35 2026
# [ok]
