#                                                                                                        --- full sequence --- -------------- this domain -------------   hmm coord   ali coord   env coord
# target name                                    accession   tlen query name           accession   qlen   E-value  score  bias   #  of  c-Evalue  i-Evalue  score  bias  from    to  from    to  from    to  acc description of target
#                            ------------------- ---------- ----- -------------------- ---------- ----- --------- ------ ----- --- --- --------- --------- ------ ----- ----- ----- ----- ----- ----- ----- ---- ---------------------
NODE_2_length_109676_cov_33.984218:87415-89160|- -            582 21784                -            586         0 1030.0  10.9   1   1         0         0 1029.7  10.9     1   585     1   579     1   580 0.98 NODE_2_length_109676_cov_33.984218_97 # 87415 # 89160 # -1 # ID=2_97;partial=00;start_type=ATG;rbs_motif=AGxAGG/AGGxGG;rbs_spacer=5-10bp;gc_cont=0.419
NODE_2_length_109676_cov_33.984218:84456-85394|- -            313 21784                -            586   1.4e-27   93.6   0.0   1   1   4.9e-30     3e-27   92.6   0.0    21   189    11   180     3   198 0.94 NODE_2_length_109676_cov_33.984218_92 # 84456 # 85394 # -1 # ID=2_92;partial=00;start_type=ATG;rbs_motif=AGGAGG;rbs_spacer=5-10bp;gc_cont=0.389
NODE_14_length_56501_cov_33.217624:30803-32089|+ -            429 21784                -            586   2.5e-14   49.9   0.1   1   2   1.8e-05     0.011   11.5   0.0     7    63     7    64     1    72 0.75 NODE_14_length_56501_cov_33.217624_24 # 30803 # 32089 # 1 # ID=14_24;partial=00;start_type=ATG;rbs_motif=AGGAGG;rbs_spacer=5-10bp;gc_cont=0.445
NODE_14_length_56501_cov_33.217624:30803-32089|+ -            429 21784                -            586   2.5e-14   49.9   0.1   2   2   6.5e-13     4e-10   36.0   0.1   122   278    94   273    71   286 0.71 NODE_14_length_56501_cov_33.217624_24 # 30803 # 32089 # 1 # ID=14_24;partial=00;start_type=ATG;rbs_motif=AGGAGG;rbs_spacer=5-10bp;gc_cont=0.445
NODE_222_length_311_cov_64.359375:2-310|-        -            103 21784                -            586    0.0014   14.4   8.5   1   1   2.4e-06    0.0015   14.4   8.5   364   439     8    83     1    99 0.77 NODE_222_length_311_cov_64.359375_1 # 2 # 310 # -1 # ID=222_1;partial=11;start_type=Edge;rbs_motif=None;rbs_spacer=None;gc_cont=0.379
NODE_80_length_7010_cov_46.201438:5785-6429|-    -            215 21784                -            586    0.0097   11.7   9.6   1   1   2.1e-05     0.013   11.3   9.6   355   437    38   118    27   136 0.76 NODE_80_length_7010_cov_46.201438_10 # 5785 # 6429 # -1 # ID=80_10;partial=00;start_type=ATG;rbs_motif=AGGAG;rbs_spacer=5-10bp;gc_cont=0.355
#
# Program:         hmmsearch
# Version:         3.4 (Aug 2023)
# Pipeline mode:   SEARCH
# Query file:      /sw/data/local/BUSCO_Data/v5/lineages/enterococcus_odb12/hmms/21784at1350.hmm
# Target file:     /home/dich3309/rnaseq-tnseq-enterococcus-analysis/analyses/03_assembly_evaluation/busco_enterococcus_odb12/spades_scaffolds_illumina_enterococcus_odb12/prodigal_output/predicted_genes/predicted.faa
# Option settings: hmmsearch --domtblout /home/dich3309/rnaseq-tnseq-enterococcus-analysis/analyses/03_assembly_evaluation/busco_enterococcus_odb12/spades_scaffolds_illumina_enterococcus_odb12/run_enterococcus_odb12/hmmer_output/21784at1350.out --cpu 1 /sw/data/local/BUSCO_Data/v5/lineages/enterococcus_odb12/hmms/21784at1350.hmm /home/dich3309/rnaseq-tnseq-enterococcus-analysis/analyses/03_assembly_evaluation/busco_enterococcus_odb12/spades_scaffolds_illumina_enterococcus_odb12/prodigal_output/predicted_genes/predicted.faa 
# Current dir:     /gorilla/home/dich3309/rnaseq-tnseq-enterococcus-analysis/code
# Date:            Tue Apr 28 22:12:36 2026
# [ok]
