#                                                                                                        --- full sequence --- -------------- this domain -------------   hmm coord   ali coord   env coord
# target name                                    accession   tlen query name           accession   qlen   E-value  score  bias   #  of  c-Evalue  i-Evalue  score  bias  from    to  from    to  from    to  acc description of target
#                            ------------------- ---------- ----- -------------------- ---------- ----- --------- ------ ----- --- --- --------- --------- ------ ----- ----- ----- ----- ----- ----- ----- ---- ---------------------
NODE_13_length_59599_cov_35.538241:53707-55818|+ -            704 22097                -            693         0 1495.2  16.8   1   1         0         0 1494.9  16.8     1   690     2   692     2   696 0.98 NODE_13_length_59599_cov_35.538241_48 # 53707 # 55818 # 1 # ID=13_48;partial=00;start_type=ATG;rbs_motif=GGAGG;rbs_spacer=5-10bp;gc_cont=0.424
NODE_11_length_80003_cov_31.743608:47289-48689|+ -            467 22097                -            693   1.8e-05   20.4   0.0   1   2   2.6e-07   0.00016   17.2   0.0   220   276    52   110    32   167 0.77 NODE_11_length_80003_cov_31.743608_50 # 47289 # 48689 # 1 # ID=11_50;partial=00;start_type=ATG;rbs_motif=GGAG/GAGG;rbs_spacer=5-10bp;gc_cont=0.385
NODE_11_length_80003_cov_31.743608:47289-48689|+ -            467 22097                -            693   1.8e-05   20.4   0.0   2   2     0.025        16    0.8   0.0   279   294   273   288   253   320 0.73 NODE_11_length_80003_cov_31.743608_50 # 47289 # 48689 # 1 # ID=11_50;partial=00;start_type=ATG;rbs_motif=GGAG/GAGG;rbs_spacer=5-10bp;gc_cont=0.385
NODE_8_length_86165_cov_28.227035:65720-66970|-  -            417 22097                -            693   3.7e-05   19.4   0.0   1   1   9.6e-08   5.9e-05   18.7   0.0   223   295   114   192   105   213 0.84 NODE_8_length_86165_cov_28.227035_61 # 65720 # 66970 # -1 # ID=8_61;partial=00;start_type=ATG;rbs_motif=GGA/GAG/AGG;rbs_spacer=5-10bp;gc_cont=0.396
NODE_14_length_56501_cov_33.217624:30803-32089|+ -            429 22097                -            693   0.00014   17.4   0.0   1   1   3.7e-07   0.00023   16.7   0.0   211   250    32    69    18   104 0.85 NODE_14_length_56501_cov_33.217624_24 # 30803 # 32089 # 1 # ID=14_24;partial=00;start_type=ATG;rbs_motif=AGGAGG;rbs_spacer=5-10bp;gc_cont=0.445
NODE_36_length_23986_cov_34.471021:2055-3056|-   -            334 22097                -            693    0.0078   11.7   0.0   1   1   1.8e-05     0.011   11.2   0.0   222   254    56    88    42   119 0.89 NODE_36_length_23986_cov_34.471021_4 # 2055 # 3056 # -1 # ID=36_4;partial=00;start_type=ATG;rbs_motif=AGGAGG;rbs_spacer=5-10bp;gc_cont=0.439
#
# Program:         hmmsearch
# Version:         3.4 (Aug 2023)
# Pipeline mode:   SEARCH
# Query file:      /sw/data/local/BUSCO_Data/v5/lineages/enterococcus_odb12/hmms/22097at1350.hmm
# Target file:     /home/dich3309/rnaseq-tnseq-enterococcus-analysis/analyses/03_assembly_evaluation/busco_enterococcus_odb12/spades_scaffolds_illumina_enterococcus_odb12/prodigal_output/predicted_genes/predicted.faa
# Option settings: hmmsearch --domtblout /home/dich3309/rnaseq-tnseq-enterococcus-analysis/analyses/03_assembly_evaluation/busco_enterococcus_odb12/spades_scaffolds_illumina_enterococcus_odb12/run_enterococcus_odb12/hmmer_output/22097at1350.out --cpu 1 /sw/data/local/BUSCO_Data/v5/lineages/enterococcus_odb12/hmms/22097at1350.hmm /home/dich3309/rnaseq-tnseq-enterococcus-analysis/analyses/03_assembly_evaluation/busco_enterococcus_odb12/spades_scaffolds_illumina_enterococcus_odb12/prodigal_output/predicted_genes/predicted.faa 
# Current dir:     /gorilla/home/dich3309/rnaseq-tnseq-enterococcus-analysis/code
# Date:            Tue Apr 28 22:12:37 2026
# [ok]
