#                                                                                                        --- full sequence --- -------------- this domain -------------   hmm coord   ali coord   env coord
# target name                                    accession   tlen query name           accession   qlen   E-value  score  bias   #  of  c-Evalue  i-Evalue  score  bias  from    to  from    to  from    to  acc description of target
#                            ------------------- ---------- ----- -------------------- ---------- ----- --------- ------ ----- --- --- --------- --------- ------ ----- ----- ----- ----- ----- ----- ----- ---- ---------------------
NODE_31_length_29314_cov_34.815612:7867-8526|+   -            220 22289                -            217  1.1e-110  365.8   0.0   1   1    2e-113  1.2e-110  365.6   0.0     1   216     1   218     1   219 0.97 NODE_31_length_29314_cov_34.815612_10 # 7867 # 8526 # 1 # ID=31_10;partial=00;start_type=ATG;rbs_motif=AGGAG;rbs_spacer=5-10bp;gc_cont=0.406
NODE_5_length_100374_cov_29.640417:83100-83804|- -            235 22289                -            217   7.6e-20   68.9   0.0   1   1   2.2e-21   1.4e-18   64.8   0.0     2   211     5   226     4   233 0.71 NODE_5_length_100374_cov_29.640417_78 # 83100 # 83804 # -1 # ID=5_78;partial=00;start_type=ATG;rbs_motif=AGGAGG;rbs_spacer=5-10bp;gc_cont=0.399
NODE_7_length_86709_cov_33.100688:32795-33322|-  -            176 22289                -            217   1.3e-16   58.3   0.0   1   1     6e-19   3.7e-16   56.8   0.0     3   156     2   145     1   153 0.86 NODE_7_length_86709_cov_33.100688_33 # 32795 # 33322 # -1 # ID=7_33;partial=00;start_type=ATG;rbs_motif=AGGAG;rbs_spacer=5-10bp;gc_cont=0.426
NODE_4_length_101830_cov_39.048283:74249-74935|- -            229 22289                -            217   1.3e-14   51.8   0.1   1   2   2.3e-16   1.4e-13   48.4   0.0     2   118     3   122     2   143 0.87 NODE_4_length_101830_cov_39.048283_66 # 74249 # 74935 # -1 # ID=4_66;partial=00;start_type=ATG;rbs_motif=AGGAG;rbs_spacer=5-10bp;gc_cont=0.390
NODE_4_length_101830_cov_39.048283:74249-74935|- -            229 22289                -            217   1.3e-14   51.8   0.1   2   2     0.058        35    1.3   0.0   123   168   149   197   140   205 0.67 NODE_4_length_101830_cov_39.048283_66 # 74249 # 74935 # -1 # ID=4_66;partial=00;start_type=ATG;rbs_motif=AGGAG;rbs_spacer=5-10bp;gc_cont=0.390
NODE_8_length_86165_cov_28.227035:20748-21416|-  -            223 22289                -            217   1.2e-13   48.6   0.0   1   1   7.3e-15   4.5e-12   43.5   0.0     1   165     1   188     1   198 0.79 NODE_8_length_86165_cov_28.227035_21 # 20748 # 21416 # -1 # ID=8_21;partial=00;start_type=ATG;rbs_motif=GGAG/GAGG;rbs_spacer=5-10bp;gc_cont=0.395
#
# Program:         hmmsearch
# Version:         3.4 (Aug 2023)
# Pipeline mode:   SEARCH
# Query file:      /sw/data/local/BUSCO_Data/v5/lineages/enterococcus_odb12/hmms/22289at1350.hmm
# Target file:     /home/dich3309/rnaseq-tnseq-enterococcus-analysis/analyses/03_assembly_evaluation/busco_enterococcus_odb12/spades_scaffolds_illumina_enterococcus_odb12/prodigal_output/predicted_genes/predicted.faa
# Option settings: hmmsearch --domtblout /home/dich3309/rnaseq-tnseq-enterococcus-analysis/analyses/03_assembly_evaluation/busco_enterococcus_odb12/spades_scaffolds_illumina_enterococcus_odb12/run_enterococcus_odb12/hmmer_output/22289at1350.out --cpu 1 /sw/data/local/BUSCO_Data/v5/lineages/enterococcus_odb12/hmms/22289at1350.hmm /home/dich3309/rnaseq-tnseq-enterococcus-analysis/analyses/03_assembly_evaluation/busco_enterococcus_odb12/spades_scaffolds_illumina_enterococcus_odb12/prodigal_output/predicted_genes/predicted.faa 
# Current dir:     /gorilla/home/dich3309/rnaseq-tnseq-enterococcus-analysis/code
# Date:            Tue Apr 28 22:12:38 2026
# [ok]
