#                                                                                                        --- full sequence --- -------------- this domain -------------   hmm coord   ali coord   env coord
# target name                                    accession   tlen query name           accession   qlen   E-value  score  bias   #  of  c-Evalue  i-Evalue  score  bias  from    to  from    to  from    to  acc description of target
#                            ------------------- ---------- ----- -------------------- ---------- ----- --------- ------ ----- --- --- --------- --------- ------ ----- ----- ----- ----- ----- ----- ----- ---- ---------------------
NODE_5_length_100374_cov_29.640417:70306-70866|+ -            187 22729                -            184     4e-99  327.1   0.2   1   1  7.3e-102   4.5e-99  326.9   0.2     1   183     1   183     1   184 1.00 NODE_5_length_100374_cov_29.640417_64 # 70306 # 70866 # 1 # ID=5_64;partial=00;start_type=ATG;rbs_motif=AGGAG;rbs_spacer=5-10bp;gc_cont=0.390
NODE_52_length_15383_cov_27.136547:5850-7028|-   -            393 22729                -            184   4.5e-06   23.8   0.2   1   1   1.4e-08   8.4e-06   22.9   0.2    39   165   211   346   201   372 0.77 NODE_52_length_15383_cov_27.136547_6 # 5850 # 7028 # -1 # ID=52_6;partial=00;start_type=ATG;rbs_motif=AGxAGG/AGGxGG;rbs_spacer=5-10bp;gc_cont=0.369
NODE_14_length_56501_cov_33.217624:28580-29527|- -            316 22729                -            184   0.00051   17.1   0.2   1   1   1.4e-06   0.00084   16.4   0.2    41   149   175   285   153   303 0.80 NODE_14_length_56501_cov_33.217624_21 # 28580 # 29527 # -1 # ID=14_21;partial=00;start_type=ATG;rbs_motif=AGGAG;rbs_spacer=5-10bp;gc_cont=0.409
NODE_14_length_56501_cov_33.217624:14760-15494|+ -            245 22729                -            184    0.0011   16.0   0.0   1   1   2.7e-06    0.0016   15.5   0.0    42   125    43   124    31   170 0.89 NODE_14_length_56501_cov_33.217624_10 # 14760 # 15494 # 1 # ID=14_10;partial=00;start_type=ATG;rbs_motif=GGAGG;rbs_spacer=5-10bp;gc_cont=0.407
NODE_7_length_86709_cov_33.100688:16163-16678|+  -            172 22729                -            184      0.03   11.4   0.1   1   2   0.00011     0.069   10.2   0.0    18    74    12    71     7    82 0.74 NODE_7_length_86709_cov_33.100688_15 # 16163 # 16678 # 1 # ID=7_15;partial=00;start_type=ATG;rbs_motif=GGAG/GAGG;rbs_spacer=5-10bp;gc_cont=0.393
NODE_7_length_86709_cov_33.100688:16163-16678|+  -            172 22729                -            184      0.03   11.4   0.1   2   2      0.64   3.9e+02   -2.0   0.0   126   146   109   129   101   137 0.69 NODE_7_length_86709_cov_33.100688_15 # 16163 # 16678 # 1 # ID=7_15;partial=00;start_type=ATG;rbs_motif=GGAG/GAGG;rbs_spacer=5-10bp;gc_cont=0.393
#
# Program:         hmmsearch
# Version:         3.4 (Aug 2023)
# Pipeline mode:   SEARCH
# Query file:      /sw/data/local/BUSCO_Data/v5/lineages/enterococcus_odb12/hmms/22729at1350.hmm
# Target file:     /home/dich3309/rnaseq-tnseq-enterococcus-analysis/analyses/03_assembly_evaluation/busco_enterococcus_odb12/spades_scaffolds_illumina_enterococcus_odb12/prodigal_output/predicted_genes/predicted.faa
# Option settings: hmmsearch --domtblout /home/dich3309/rnaseq-tnseq-enterococcus-analysis/analyses/03_assembly_evaluation/busco_enterococcus_odb12/spades_scaffolds_illumina_enterococcus_odb12/run_enterococcus_odb12/hmmer_output/22729at1350.out --cpu 1 /sw/data/local/BUSCO_Data/v5/lineages/enterococcus_odb12/hmms/22729at1350.hmm /home/dich3309/rnaseq-tnseq-enterococcus-analysis/analyses/03_assembly_evaluation/busco_enterococcus_odb12/spades_scaffolds_illumina_enterococcus_odb12/prodigal_output/predicted_genes/predicted.faa 
# Current dir:     /gorilla/home/dich3309/rnaseq-tnseq-enterococcus-analysis/code
# Date:            Tue Apr 28 22:12:40 2026
# [ok]
