#                                                                                                        --- full sequence --- -------------- this domain -------------   hmm coord   ali coord   env coord
# target name                                    accession   tlen query name           accession   qlen   E-value  score  bias   #  of  c-Evalue  i-Evalue  score  bias  from    to  from    to  from    to  acc description of target
#                            ------------------- ---------- ----- -------------------- ---------- ----- --------- ------ ----- --- --- --------- --------- ------ ----- ----- ----- ----- ----- ----- ----- ---- ---------------------
NODE_23_length_43480_cov_29.402948:41035-43416|+ -            794 23438                -            759         0 1332.3  28.6   1   1         0         0 1332.0  28.6     7   747     6   758     1   772 0.90 NODE_23_length_43480_cov_29.402948_41 # 41035 # 43416 # 1 # ID=23_41;partial=00;start_type=ATG;rbs_motif=AGGAG;rbs_spacer=5-10bp;gc_cont=0.421
NODE_9_length_85202_cov_37.123657:26228-28399|-  -            724 23438                -            759  5.4e-108  359.8  13.9   1   1  1.4e-110  7.2e-108  359.4  13.9    32   642    39   635    26   686 0.87 NODE_9_length_85202_cov_37.123657_22 # 26228 # 28399 # -1 # ID=9_22;partial=00;start_type=ATG;rbs_motif=AGGAG;rbs_spacer=5-10bp;gc_cont=0.416
NODE_62_length_11564_cov_29.703623:7874-10219|-  -            782 23438                -            759     1e-65  220.0  26.7   1   1   6.3e-67   3.2e-64  215.0  26.5    14   624     5   659     1   673 0.73 NODE_62_length_11564_cov_29.703623_9 # 7874 # 10219 # -1 # ID=62_9;partial=00;start_type=TTG;rbs_motif=GGAG/GAGG;rbs_spacer=5-10bp;gc_cont=0.403
NODE_2_length_109676_cov_33.984218:35801-37993|- -            731 23438                -            759   7.6e-15   51.8   3.9   1   1   2.8e-17   1.4e-14   50.9   3.9   313   588   252   544   237   558 0.75 NODE_2_length_109676_cov_33.984218_42 # 35801 # 37993 # -1 # ID=2_42;partial=00;start_type=ATG;rbs_motif=AGGA/GGAG/GAGG;rbs_spacer=11-12bp;gc_cont=0.388
NODE_21_length_44893_cov_38.330769:31055-31441|+ -            129 23438                -            759      0.22    7.3   9.5   1   1   0.00047      0.24    7.2   9.5   666   727    29    89    10   107 0.38 NODE_21_length_44893_cov_38.330769_30 # 31055 # 31441 # 1 # ID=21_30;partial=00;start_type=ATG;rbs_motif=GGAG/GAGG;rbs_spacer=5-10bp;gc_cont=0.535
NODE_24_length_38318_cov_25.692235:33560-34480|- -            307 23438                -            759       1.1    5.0  16.2   1   1    0.0031       1.6    4.5  16.2   688   747   153   211   115   223 0.41 NODE_24_length_38318_cov_25.692235_47 # 33560 # 34480 # -1 # ID=24_47;partial=00;start_type=ATG;rbs_motif=GGAG/GAGG;rbs_spacer=5-10bp;gc_cont=0.391
#
# Program:         hmmsearch
# Version:         3.4 (Aug 2023)
# Pipeline mode:   SEARCH
# Query file:      /sw/data/local/BUSCO_Data/v5/lineages/enterococcus_odb12/hmms/23438at1350.hmm
# Target file:     /home/dich3309/rnaseq-tnseq-enterococcus-analysis/analyses/03_assembly_evaluation/busco_enterococcus_odb12/spades_scaffolds_illumina_enterococcus_odb12/prodigal_output/predicted_genes/predicted.faa
# Option settings: hmmsearch --domtblout /home/dich3309/rnaseq-tnseq-enterococcus-analysis/analyses/03_assembly_evaluation/busco_enterococcus_odb12/spades_scaffolds_illumina_enterococcus_odb12/run_enterococcus_odb12/hmmer_output/23438at1350.out --cpu 1 /sw/data/local/BUSCO_Data/v5/lineages/enterococcus_odb12/hmms/23438at1350.hmm /home/dich3309/rnaseq-tnseq-enterococcus-analysis/analyses/03_assembly_evaluation/busco_enterococcus_odb12/spades_scaffolds_illumina_enterococcus_odb12/prodigal_output/predicted_genes/predicted.faa 
# Current dir:     /gorilla/home/dich3309/rnaseq-tnseq-enterococcus-analysis/code
# Date:            Tue Apr 28 22:12:43 2026
# [ok]
