#                                                                                                        --- full sequence --- -------------- this domain -------------   hmm coord   ali coord   env coord
# target name                                    accession   tlen query name           accession   qlen   E-value  score  bias   #  of  c-Evalue  i-Evalue  score  bias  from    to  from    to  from    to  acc description of target
#                            ------------------- ---------- ----- -------------------- ---------- ----- --------- ------ ----- --- --- --------- --------- ------ ----- ----- ----- ----- ----- ----- ----- ---- ---------------------
NODE_13_length_59599_cov_35.538241:383-1267|+    -            295 23850                -            296  1.8e-135  448.4   1.5   1   1  3.3e-138    2e-135  448.2   1.5     1   296     1   294     1   294 0.98 NODE_13_length_59599_cov_35.538241_1 # 383 # 1267 # 1 # ID=13_1;partial=00;start_type=GTG;rbs_motif=AGGA/GGAG/GAGG;rbs_spacer=11-12bp;gc_cont=0.424
NODE_33_length_26464_cov_31.883600:4966-5508|+   -            181 23850                -            296   2.8e-05   21.0   0.2   1   1   9.3e-08   5.7e-05   20.0   0.2     5    41     2    38     1    44 0.95 NODE_33_length_26464_cov_31.883600_7 # 4966 # 5508 # 1 # ID=33_7;partial=00;start_type=ATG;rbs_motif=GGAGG;rbs_spacer=5-10bp;gc_cont=0.366
NODE_10_length_83811_cov_29.795656:59789-60502|- -            238 23850                -            296    0.0021   14.8   5.0   1   1   6.8e-06    0.0042   13.8   5.0   127   203    13    88     2   122 0.57 NODE_10_length_83811_cov_29.795656_60 # 59789 # 60502 # -1 # ID=10_60;partial=00;start_type=ATG;rbs_motif=GGAG/GAGG;rbs_spacer=5-10bp;gc_cont=0.382
NODE_11_length_80003_cov_31.743608:15551-16186|+ -            212 23850                -            296      0.19    8.4  15.6   1   2   1.4e-05    0.0088   12.8   4.7    95   183    31   116     7   127 0.42 NODE_11_length_80003_cov_31.743608_17 # 15551 # 16186 # 1 # ID=11_17;partial=00;start_type=GTG;rbs_motif=AGGAGG;rbs_spacer=5-10bp;gc_cont=0.403
NODE_11_length_80003_cov_31.743608:15551-16186|+ -            212 23850                -            296      0.19    8.4  15.6   2   2      0.17     1e+02   -0.6   5.8   147   191   125   170   116   182 0.59 NODE_11_length_80003_cov_31.743608_17 # 15551 # 16186 # 1 # ID=11_17;partial=00;start_type=GTG;rbs_motif=AGGAGG;rbs_spacer=5-10bp;gc_cont=0.403
NODE_21_length_44893_cov_38.330769:31055-31441|+ -            129 23850                -            296      0.35    7.5   8.2   1   1   0.00069      0.42    7.3   8.2   145   187    44    86    11   100 0.53 NODE_21_length_44893_cov_38.330769_30 # 31055 # 31441 # 1 # ID=21_30;partial=00;start_type=ATG;rbs_motif=GGAG/GAGG;rbs_spacer=5-10bp;gc_cont=0.535
#
# Program:         hmmsearch
# Version:         3.4 (Aug 2023)
# Pipeline mode:   SEARCH
# Query file:      /sw/data/local/BUSCO_Data/v5/lineages/enterococcus_odb12/hmms/23850at1350.hmm
# Target file:     /home/dich3309/rnaseq-tnseq-enterococcus-analysis/analyses/03_assembly_evaluation/busco_enterococcus_odb12/spades_scaffolds_illumina_enterococcus_odb12/prodigal_output/predicted_genes/predicted.faa
# Option settings: hmmsearch --domtblout /home/dich3309/rnaseq-tnseq-enterococcus-analysis/analyses/03_assembly_evaluation/busco_enterococcus_odb12/spades_scaffolds_illumina_enterococcus_odb12/run_enterococcus_odb12/hmmer_output/23850at1350.out --cpu 1 /sw/data/local/BUSCO_Data/v5/lineages/enterococcus_odb12/hmms/23850at1350.hmm /home/dich3309/rnaseq-tnseq-enterococcus-analysis/analyses/03_assembly_evaluation/busco_enterococcus_odb12/spades_scaffolds_illumina_enterococcus_odb12/prodigal_output/predicted_genes/predicted.faa 
# Current dir:     /gorilla/home/dich3309/rnaseq-tnseq-enterococcus-analysis/code
# Date:            Tue Apr 28 22:12:45 2026
# [ok]
