#                                                                                     --- full sequence --- -------------- this domain -------------   hmm coord   ali coord   env coord
# target name                 accession   tlen query name           accession   qlen   E-value  score  bias   #  of  c-Evalue  i-Evalue  score  bias  from    to  from    to  from    to  acc description of target
#         ------------------- ---------- ----- -------------------- ---------- ----- --------- ------ ----- --- --- --------- --------- ------ ----- ----- ----- ----- ----- ----- ----- ---- ---------------------
tig00000005:37396-38364|+     -            323 8479                 -            387   6.5e-05   19.3   0.0   1   1   2.3e-07   0.00014   18.2   0.0   186   274   145   230   140   244 0.80 tig00000005_48 # 37396 # 38364 # 1 # ID=5_48;partial=00;start_type=ATG;rbs_motif=3Base/5BMM;rbs_spacer=13-15bp;gc_cont=0.446
tig00000005:4974-5942|+       -            323 8479                 -            387   6.5e-05   19.3   0.0   1   1   2.3e-07   0.00014   18.2   0.0   186   274   145   230   140   244 0.80 tig00000005_8 # 4974 # 5942 # 1 # ID=5_8;partial=00;start_type=ATG;rbs_motif=3Base/5BMM;rbs_spacer=13-15bp;gc_cont=0.446
tig00000001:88974-89921|+     -            316 8479                 -            387    0.0021   14.4   0.3   1   2    0.0001     0.063    9.5   0.1   183   211   132   160   108   165 0.84 tig00000001_78 # 88974 # 89921 # 1 # ID=1_78;partial=00;start_type=ATG;rbs_motif=AGxAGG/AGGxGG;rbs_spacer=5-10bp;gc_cont=0.380
tig00000001:88974-89921|+     -            316 8479                 -            387    0.0021   14.4   0.3   2   2     0.011         7    2.7   0.0   320   337   167   184   163   204 0.83 tig00000001_78 # 88974 # 89921 # 1 # ID=1_78;partial=00;start_type=ATG;rbs_motif=AGxAGG/AGGxGG;rbs_spacer=5-10bp;gc_cont=0.380
tig00000001:2601873-2602892|- -            340 8479                 -            387    0.0059   12.9   0.0   1   1   1.3e-05    0.0085   12.4   0.0   189   274   146   233   121   253 0.83 tig00000001_2521 # 2601873 # 2602892 # -1 # ID=1_2521;partial=00;start_type=ATG;rbs_motif=GGAGG;rbs_spacer=5-10bp;gc_cont=0.391
tig00000001:1461498-1462658|+ -            387 8479                 -            387    0.0061   12.8   0.0   1   1   1.6e-05      0.01   12.1   0.0   185   317   132   260   122   294 0.76 tig00000001_1402 # 1461498 # 1462658 # 1 # ID=1_1402;partial=00;start_type=ATG;rbs_motif=AGGAGG;rbs_spacer=5-10bp;gc_cont=0.394
#
# Program:         hmmsearch
# Version:         3.4 (Aug 2023)
# Pipeline mode:   SEARCH
# Query file:      /sw/data/local/BUSCO_Data/v5/lineages/archaea_odb12/hmms/8479at2157.hmm
# Target file:     /home/dich3309/rnaseq-tnseq-enterococcus-analysis/analyses/03_assembly_evaluation/busco_auto_lineage/canu_pacbio_auto/prodigal_output/predicted_genes/predicted.faa
# Option settings: hmmsearch --domtblout /home/dich3309/rnaseq-tnseq-enterococcus-analysis/analyses/03_assembly_evaluation/busco_auto_lineage/canu_pacbio_auto/auto_lineage/run_archaea_odb12/hmmer_output/8479at2157.out --cpu 1 /sw/data/local/BUSCO_Data/v5/lineages/archaea_odb12/hmms/8479at2157.hmm /home/dich3309/rnaseq-tnseq-enterococcus-analysis/analyses/03_assembly_evaluation/busco_auto_lineage/canu_pacbio_auto/prodigal_output/predicted_genes/predicted.faa 
# Current dir:     /gorilla/home/dich3309/rnaseq-tnseq-enterococcus-analysis/code
# Date:            Wed Apr 22 11:36:03 2026
# [ok]
