#                                                                                                          --- full sequence --- -------------- this domain -------------   hmm coord   ali coord   env coord
# target name                                      accession   tlen query name           accession   qlen   E-value  score  bias   #  of  c-Evalue  i-Evalue  score  bias  from    to  from    to  from    to  acc description of target
#                              ------------------- ---------- ----- -------------------- ---------- ----- --------- ------ ----- --- --- --------- --------- ------ ----- ----- ----- ----- ----- ----- ----- ---- ---------------------
NODE_4_length_193524_cov_77.069373:165013-165201|- -             63 27944                -            135     0.002   15.5   1.1   1   1   3.1e-06    0.0024   15.2   1.1   100   132    20    57     7    60 0.79 NODE_4_length_193524_cov_77.069373_147 # 165013 # 165201 # -1 # ID=4_147;partial=00;start_type=ATG;rbs_motif=GGAG/GAGG;rbs_spacer=5-10bp;gc_cont=0.333
NODE_13_length_81038_cov_67.502957:10758-11915|-   -            386 27944                -            135    0.0077   13.6   0.6   1   2      0.83   6.4e+02   -2.4   0.0     2    13   173   184   172   190 0.82 NODE_13_length_81038_cov_67.502957_13 # 10758 # 11915 # -1 # ID=13_13;partial=00;start_type=ATG;rbs_motif=GGAGG;rbs_spacer=5-10bp;gc_cont=0.402
NODE_13_length_81038_cov_67.502957:10758-11915|-   -            386 27944                -            135    0.0077   13.6   0.6   2   2   2.4e-05     0.018   12.4   0.1    59    99   249   290   225   298 0.84 NODE_13_length_81038_cov_67.502957_13 # 10758 # 11915 # -1 # ID=13_13;partial=00;start_type=ATG;rbs_motif=GGAGG;rbs_spacer=5-10bp;gc_cont=0.402
NODE_13_length_81038_cov_67.502957:11949-13319|-   -            457 27944                -            135     0.071   10.5   1.2   1   1   0.00021      0.17    9.3   1.2   105   129     3    30     1    36 0.79 NODE_13_length_81038_cov_67.502957_14 # 11949 # 13319 # -1 # ID=13_14;partial=00;start_type=ATG;rbs_motif=AGGAGG;rbs_spacer=5-10bp;gc_cont=0.430
NODE_7_length_162800_cov_68.413407:2185-3432|-     -            416 27944                -            135       3.7    4.9  10.5   1   2    0.0064       4.9    4.5   3.7    86   129   326   370   323   378 0.84 NODE_7_length_162800_cov_68.413407_3 # 2185 # 3432 # -1 # ID=7_3;partial=00;start_type=ATG;rbs_motif=AGGAGG;rbs_spacer=5-10bp;gc_cont=0.417
NODE_7_length_162800_cov_68.413407:2185-3432|-     -            416 27944                -            135       3.7    4.9  10.5   2   2    0.0082       6.3    4.1   0.6   108   131   380   409   372   412 0.74 NODE_7_length_162800_cov_68.413407_3 # 2185 # 3432 # -1 # ID=7_3;partial=00;start_type=ATG;rbs_motif=AGGAGG;rbs_spacer=5-10bp;gc_cont=0.417
#
# Program:         hmmsearch
# Version:         3.4 (Aug 2023)
# Pipeline mode:   SEARCH
# Query file:      /sw/data/local/BUSCO_Data/v5/lineages/archaea_odb12/hmms/27944at2157.hmm
# Target file:     /home/dich3309/rnaseq-tnseq-enterococcus-analysis/analyses/03_assembly_evaluation/busco_auto_lineage/spades_scaffolds_auto/prodigal_output/predicted_genes/predicted.faa
# Option settings: hmmsearch --domtblout /home/dich3309/rnaseq-tnseq-enterococcus-analysis/analyses/03_assembly_evaluation/busco_auto_lineage/spades_scaffolds_auto/auto_lineage/run_archaea_odb12/hmmer_output/27944at2157.out --cpu 1 /sw/data/local/BUSCO_Data/v5/lineages/archaea_odb12/hmms/27944at2157.hmm /home/dich3309/rnaseq-tnseq-enterococcus-analysis/analyses/03_assembly_evaluation/busco_auto_lineage/spades_scaffolds_auto/prodigal_output/predicted_genes/predicted.faa 
# Current dir:     /gorilla/home/dich3309/rnaseq-tnseq-enterococcus-analysis/code
# Date:            Mon Apr 20 03:15:01 2026
# [ok]
