#                                                                                                          --- full sequence --- -------------- this domain -------------   hmm coord   ali coord   env coord
# target name                                      accession   tlen query name           accession   qlen   E-value  score  bias   #  of  c-Evalue  i-Evalue  score  bias  from    to  from    to  from    to  acc description of target
#                              ------------------- ---------- ----- -------------------- ---------- ----- --------- ------ ----- --- --- --------- --------- ------ ----- ----- ----- ----- ----- ----- ----- ---- ---------------------
NODE_1_length_385945_cov_86.278628:200298-202007|+ -            570 7375                 -            480   2.1e-47  159.2   0.7   1   2   2.2e-21   2.3e-18   63.4   0.1    31   194    33   190    18   195 0.91 NODE_1_length_385945_cov_86.278628_218 # 200298 # 202007 # 1 # ID=1_218;partial=00;start_type=ATG;rbs_motif=AGGAG;rbs_spacer=5-10bp;gc_cont=0.398
NODE_1_length_385945_cov_86.278628:200298-202007|+ -            570 7375                 -            480   2.1e-47  159.2   0.7   2   2   1.1e-30   1.1e-27   94.1   0.1   221   387   401   564   394   568 0.93 NODE_1_length_385945_cov_86.278628_218 # 200298 # 202007 # 1 # ID=1_218;partial=00;start_type=ATG;rbs_motif=AGGAG;rbs_spacer=5-10bp;gc_cont=0.398
NODE_6_length_183174_cov_88.861183:83840-85780|-   -            647 7375                 -            480   1.3e-26   90.6   1.1   1   2   2.5e-14   2.5e-11   40.2   0.0    35   194   260   414   252   432 0.87 NODE_6_length_183174_cov_88.861183_73 # 83840 # 85780 # -1 # ID=6_73;partial=00;start_type=ATG;rbs_motif=AGGAGG;rbs_spacer=5-10bp;gc_cont=0.401
NODE_6_length_183174_cov_88.861183:83840-85780|-   -            647 7375                 -            480   1.3e-26   90.6   1.1   2   2   4.5e-17   4.6e-14   49.2   0.2   184   390   445   641   430   645 0.81 NODE_6_length_183174_cov_88.861183_73 # 83840 # 85780 # -1 # ID=6_73;partial=00;start_type=ATG;rbs_motif=AGGAGG;rbs_spacer=5-10bp;gc_cont=0.401
NODE_31_length_17573_cov_156.005131:51-1322|-      -            424 7375                 -            480     1e-12   44.8   0.0   1   2      0.41   4.2e+02   -3.4   1.4   376   417    44    83     8    99 0.58 NODE_31_length_17573_cov_156.005131_1 # 51 # 1322 # -1 # ID=31_1;partial=00;start_type=ATG;rbs_motif=AGGAGG;rbs_spacer=5-10bp;gc_cont=0.384
NODE_31_length_17573_cov_156.005131:51-1322|-      -            424 7375                 -            480     1e-12   44.8   0.0   2   2     1e-15     1e-12   44.8   0.0    40   285   166   409   140   416 0.84 NODE_31_length_17573_cov_156.005131_1 # 51 # 1322 # -1 # ID=31_1;partial=00;start_type=ATG;rbs_motif=AGGAGG;rbs_spacer=5-10bp;gc_cont=0.384
#
# Program:         hmmsearch
# Version:         3.4 (Aug 2023)
# Pipeline mode:   SEARCH
# Query file:      /sw/data/local/BUSCO_Data/v5/lineages/archaea_odb12/hmms/7375at2157.hmm
# Target file:     /home/dich3309/rnaseq-tnseq-enterococcus-analysis/analyses/03_assembly_evaluation/busco_auto_lineage/spades_scaffolds_auto/prodigal_output/predicted_genes/predicted.faa
# Option settings: hmmsearch --domtblout /home/dich3309/rnaseq-tnseq-enterococcus-analysis/analyses/03_assembly_evaluation/busco_auto_lineage/spades_scaffolds_auto/auto_lineage/run_archaea_odb12/hmmer_output/7375at2157.out --cpu 1 /sw/data/local/BUSCO_Data/v5/lineages/archaea_odb12/hmms/7375at2157.hmm /home/dich3309/rnaseq-tnseq-enterococcus-analysis/analyses/03_assembly_evaluation/busco_auto_lineage/spades_scaffolds_auto/prodigal_output/predicted_genes/predicted.faa 
# Current dir:     /gorilla/home/dich3309/rnaseq-tnseq-enterococcus-analysis/code
# Date:            Mon Apr 20 03:15:06 2026
# [ok]
