#                                                                                      --- full sequence --- -------------- this domain -------------   hmm coord   ali coord   env coord
# target name                  accession   tlen query name           accession   qlen   E-value  score  bias   #  of  c-Evalue  i-Evalue  score  bias  from    to  from    to  from    to  acc description of target
#          ------------------- ---------- ----- -------------------- ---------- ----- --------- ------ ----- --- --- --------- --------- ------ ----- ----- ----- ----- ----- ----- ----- ---- ---------------------
contig_2_pilon:639860-640198|+ -            113 19209                -            110   3.1e-56  185.3   0.5   1   1   3.4e-59   3.4e-56  185.2   0.5     2   110     4   112     3   112 0.99 contig_2_pilon_596 # 639860 # 640198 # 1 # ID=5_596;partial=00;start_type=ATG;rbs_motif=AGGAG/GGAGG;rbs_spacer=11-12bp;gc_cont=0.375
contig_1_pilon:731183-732826|+ -            548 19209                -            110     4e-14   49.8   1.5   1   2   4.7e-09   4.7e-06   23.8   0.1    40    75    24    59    16    78 0.90 contig_1_pilon_691 # 731183 # 732826 # 1 # ID=1_691;partial=00;start_type=ATG;rbs_motif=GGA/GAG/AGG;rbs_spacer=11-12bp;gc_cont=0.427
contig_1_pilon:731183-732826|+ -            548 19209                -            110     4e-14   49.8   1.5   2   2   4.7e-09   4.7e-06   23.8   0.1    40    75   140   175   132   194 0.90 contig_1_pilon_691 # 731183 # 732826 # 1 # ID=1_691;partial=00;start_type=ATG;rbs_motif=GGA/GAG/AGG;rbs_spacer=11-12bp;gc_cont=0.427
contig_1_pilon:463955-464431|+ -            159 19209                -            110   0.00079   16.7   3.5   1   3      0.08        80    0.5   0.1    66    91    50    75    43    78 0.85 contig_1_pilon_446 # 463955 # 464431 # 1 # ID=1_446;partial=00;start_type=TTG;rbs_motif=GGAGG;rbs_spacer=5-10bp;gc_cont=0.392
contig_1_pilon:463955-464431|+ -            159 19209                -            110   0.00079   16.7   3.5   2   3      0.35   3.6e+02   -1.5   0.1    57    72    73    91    62    92 0.68 contig_1_pilon_446 # 463955 # 464431 # 1 # ID=1_446;partial=00;start_type=TTG;rbs_motif=GGAGG;rbs_spacer=5-10bp;gc_cont=0.392
contig_1_pilon:463955-464431|+ -            159 19209                -            110   0.00079   16.7   3.5   3   3   1.1e-06    0.0011   16.2   0.3    39    76   102   139   100   151 0.89 contig_1_pilon_446 # 463955 # 464431 # 1 # ID=1_446;partial=00;start_type=TTG;rbs_motif=GGAGG;rbs_spacer=5-10bp;gc_cont=0.392
#
# Program:         hmmsearch
# Version:         3.4 (Aug 2023)
# Pipeline mode:   SEARCH
# Query file:      /sw/data/local/BUSCO_Data/v5/lineages/enterococcus_odb12/hmms/19209at1350.hmm
# Target file:     /home/dich3309/rnaseq-tnseq-enterococcus-analysis/analyses/03_assembly_evaluation/busco_enterococcus_odb12/flye_pacbio_pilon_enterococcus_odb12/prodigal_output/predicted_genes/predicted.faa
# Option settings: hmmsearch --domtblout /home/dich3309/rnaseq-tnseq-enterococcus-analysis/analyses/03_assembly_evaluation/busco_enterococcus_odb12/flye_pacbio_pilon_enterococcus_odb12/run_enterococcus_odb12/hmmer_output/19209at1350.out --cpu 1 /sw/data/local/BUSCO_Data/v5/lineages/enterococcus_odb12/hmms/19209at1350.hmm /home/dich3309/rnaseq-tnseq-enterococcus-analysis/analyses/03_assembly_evaluation/busco_enterococcus_odb12/flye_pacbio_pilon_enterococcus_odb12/prodigal_output/predicted_genes/predicted.faa 
# Current dir:     /gorilla/home/dich3309/rnaseq-tnseq-enterococcus-analysis/code
# Date:            Wed Apr 29 00:55:42 2026
# [ok]
