#                                                                                        --- full sequence --- -------------- this domain -------------   hmm coord   ali coord   env coord
# target name                    accession   tlen query name           accession   qlen   E-value  score  bias   #  of  c-Evalue  i-Evalue  score  bias  from    to  from    to  from    to  acc description of target
#            ------------------- ---------- ----- -------------------- ---------- ----- --------- ------ ----- --- --- --------- --------- ------ ----- ----- ----- ----- ----- ----- ----- ---- ---------------------
contig_1_pilon:459236-459676|+   -            147 19810                -            146   1.5e-88  291.7   7.1   1   1   3.4e-91   1.7e-88  291.6   7.1     1   146     1   146     1   146 1.00 contig_1_pilon_440 # 459236 # 459676 # 1 # ID=1_440;partial=00;start_type=ATG;rbs_motif=GGA/GAG/AGG;rbs_spacer=5-10bp;gc_cont=0.397
contig_1_pilon:1334532-1335011|- -            160 19810                -            146   7.7e-12   43.0   2.0   1   1   1.8e-14   9.2e-12   42.7   2.0     4   145     6   150     3   151 0.86 contig_1_pilon_1292 # 1334532 # 1335011 # -1 # ID=1_1292;partial=00;start_type=GTG;rbs_motif=GGAG/GAGG;rbs_spacer=5-10bp;gc_cont=0.304
contig_1_pilon:824160-824603|+   -            148 19810                -            146   1.2e-09   35.9   0.6   1   1   2.4e-12   1.2e-09   35.8   0.6     8   144     8   145     1   147 0.91 contig_1_pilon_781 # 824160 # 824603 # 1 # ID=1_781;partial=00;start_type=ATG;rbs_motif=AGxAGG/AGGxGG;rbs_spacer=5-10bp;gc_cont=0.338
contig_1_pilon:952910-953350|+   -            147 19810                -            146   3.1e-09   34.5   0.1   1   1   7.6e-12   3.8e-09   34.2   0.1    46   119    43   117    17   144 0.71 contig_1_pilon_901 # 952910 # 953350 # 1 # ID=1_901;partial=00;start_type=ATG;rbs_motif=GGAGG;rbs_spacer=5-10bp;gc_cont=0.381
contig_2_pilon:425587-426039|+   -            151 19810                -            146   0.00016   19.2   0.1   1   1   3.8e-07   0.00019   19.0   0.1    57   138    50   131     5   141 0.80 contig_2_pilon_402 # 425587 # 426039 # 1 # ID=5_402;partial=00;start_type=ATG;rbs_motif=AGxAGG/AGGxGG;rbs_spacer=5-10bp;gc_cont=0.355
contig_1_pilon:36179-36643|+     -            155 19810                -            146    0.0013   16.3   0.2   1   1   3.1e-06    0.0016   16.0   0.2    55   141    50   136    14   141 0.82 contig_1_pilon_40 # 36179 # 36643 # 1 # ID=1_40;partial=00;start_type=ATG;rbs_motif=AGGAGG;rbs_spacer=5-10bp;gc_cont=0.363
#
# Program:         hmmsearch
# Version:         3.4 (Aug 2023)
# Pipeline mode:   SEARCH
# Query file:      /sw/data/local/BUSCO_Data/v5/lineages/enterococcus_odb12/hmms/19810at1350.hmm
# Target file:     /home/dich3309/rnaseq-tnseq-enterococcus-analysis/analyses/03_assembly_evaluation/busco_enterococcus_odb12/flye_pacbio_pilon_enterococcus_odb12/prodigal_output/predicted_genes/predicted.faa
# Option settings: hmmsearch --domtblout /home/dich3309/rnaseq-tnseq-enterococcus-analysis/analyses/03_assembly_evaluation/busco_enterococcus_odb12/flye_pacbio_pilon_enterococcus_odb12/run_enterococcus_odb12/hmmer_output/19810at1350.out --cpu 1 /sw/data/local/BUSCO_Data/v5/lineages/enterococcus_odb12/hmms/19810at1350.hmm /home/dich3309/rnaseq-tnseq-enterococcus-analysis/analyses/03_assembly_evaluation/busco_enterococcus_odb12/flye_pacbio_pilon_enterococcus_odb12/prodigal_output/predicted_genes/predicted.faa 
# Current dir:     /gorilla/home/dich3309/rnaseq-tnseq-enterococcus-analysis/code
# Date:            Wed Apr 29 00:55:45 2026
# [ok]
