#                                                                                        --- full sequence --- -------------- this domain -------------   hmm coord   ali coord   env coord
# target name                    accession   tlen query name           accession   qlen   E-value  score  bias   #  of  c-Evalue  i-Evalue  score  bias  from    to  from    to  from    to  acc description of target
#            ------------------- ---------- ----- -------------------- ---------- ----- --------- ------ ----- --- --- --------- --------- ------ ----- ----- ----- ----- ----- ----- ----- ---- ---------------------
contig_2_pilon:87667-88635|+     -            323 20235                -            310  2.9e-147  487.4   0.0   1   1  6.4e-150  3.2e-147  487.3   0.0     1   310     1   319     1   319 0.96 contig_2_pilon_75 # 87667 # 88635 # 1 # ID=5_75;partial=00;start_type=ATG;rbs_motif=AGGAG;rbs_spacer=5-10bp;gc_cont=0.424
contig_1_pilon:1109927-1110679|- -            251 20235                -            310   9.9e-05   19.3   0.7   1   1   3.1e-07   0.00016   18.6   0.7     4    94     7   100     4   115 0.80 contig_1_pilon_1056 # 1109927 # 1110679 # -1 # ID=1_1056;partial=00;start_type=ATG;rbs_motif=AGGA/GGAG/GAGG;rbs_spacer=11-12bp;gc_cont=0.384
contig_11_pilon:137390-138124|+  -            245 20235                -            310    0.0003   17.7   0.0   1   1   8.9e-07   0.00045   17.1   0.0    11    54    27    70    17    98 0.83 contig_11_pilon_134 # 137390 # 138124 # 1 # ID=3_134;partial=00;start_type=ATG;rbs_motif=AGGAG;rbs_spacer=5-10bp;gc_cont=0.389
contig_1_pilon:525547-526317|-   -            257 20235                -            310   0.00051   16.9   0.1   1   1   1.5e-06   0.00076   16.3   0.1     4    71    12    80     9   113 0.80 contig_1_pilon_492 # 525547 # 526317 # -1 # ID=1_492;partial=00;start_type=ATG;rbs_motif=AGGAGG;rbs_spacer=5-10bp;gc_cont=0.341
contig_2_pilon:293310-293831|+   -            174 20235                -            310    0.0014   15.5   0.1   1   1   3.3e-06    0.0017   15.2   0.1     4    67     8    71     5   103 0.78 contig_2_pilon_271 # 293310 # 293831 # 1 # ID=5_271;partial=00;start_type=GTG;rbs_motif=AGGAGG;rbs_spacer=5-10bp;gc_cont=0.412
contig_2_pilon:164295-165080|-   -            262 20235                -            310    0.0029   14.5   0.2   1   1   9.8e-06     0.005   13.7   0.2     7    83    10    84     1   108 0.69 contig_2_pilon_136 # 164295 # 165080 # -1 # ID=5_136;partial=00;start_type=ATG;rbs_motif=GGAG/GAGG;rbs_spacer=5-10bp;gc_cont=0.385
#
# Program:         hmmsearch
# Version:         3.4 (Aug 2023)
# Pipeline mode:   SEARCH
# Query file:      /sw/data/local/BUSCO_Data/v5/lineages/enterococcus_odb12/hmms/20235at1350.hmm
# Target file:     /home/dich3309/rnaseq-tnseq-enterococcus-analysis/analyses/03_assembly_evaluation/busco_enterococcus_odb12/flye_pacbio_pilon_enterococcus_odb12/prodigal_output/predicted_genes/predicted.faa
# Option settings: hmmsearch --domtblout /home/dich3309/rnaseq-tnseq-enterococcus-analysis/analyses/03_assembly_evaluation/busco_enterococcus_odb12/flye_pacbio_pilon_enterococcus_odb12/run_enterococcus_odb12/hmmer_output/20235at1350.out --cpu 1 /sw/data/local/BUSCO_Data/v5/lineages/enterococcus_odb12/hmms/20235at1350.hmm /home/dich3309/rnaseq-tnseq-enterococcus-analysis/analyses/03_assembly_evaluation/busco_enterococcus_odb12/flye_pacbio_pilon_enterococcus_odb12/prodigal_output/predicted_genes/predicted.faa 
# Current dir:     /gorilla/home/dich3309/rnaseq-tnseq-enterococcus-analysis/code
# Date:            Wed Apr 29 00:55:47 2026
# [ok]
