#                                                                                        --- full sequence --- -------------- this domain -------------   hmm coord   ali coord   env coord
# target name                    accession   tlen query name           accession   qlen   E-value  score  bias   #  of  c-Evalue  i-Evalue  score  bias  from    to  from    to  from    to  acc description of target
#            ------------------- ---------- ----- -------------------- ---------- ----- --------- ------ ----- --- --- --------- --------- ------ ----- ----- ----- ----- ----- ----- ----- ---- ---------------------
contig_1_pilon:112930-115041|+   -            704 22097                -            693         0 1495.2  16.8   1   1         0         0 1494.9  16.8     1   690     2   692     2   696 0.98 contig_1_pilon_114 # 112930 # 115041 # 1 # ID=1_114;partial=00;start_type=ATG;rbs_motif=GGAGG;rbs_spacer=5-10bp;gc_cont=0.424
contig_1_pilon:642851-644251|+   -            467 22097                -            693   1.8e-05   20.4   0.0   1   2   2.6e-07   0.00016   17.2   0.0   220   276    52   110    32   167 0.77 contig_1_pilon_607 # 642851 # 644251 # 1 # ID=1_607;partial=00;start_type=ATG;rbs_motif=GGAG/GAGG;rbs_spacer=5-10bp;gc_cont=0.385
contig_1_pilon:642851-644251|+   -            467 22097                -            693   1.8e-05   20.4   0.0   2   2     0.025        15    0.8   0.0   279   294   273   288   253   320 0.73 contig_1_pilon_607 # 642851 # 644251 # 1 # ID=1_607;partial=00;start_type=ATG;rbs_motif=GGAG/GAGG;rbs_spacer=5-10bp;gc_cont=0.385
contig_1_pilon:1113422-1114672|- -            417 22097                -            693   3.6e-05   19.4   0.0   1   1   9.6e-08   5.8e-05   18.7   0.0   223   295   114   192   105   213 0.84 contig_1_pilon_1061 # 1113422 # 1114672 # -1 # ID=1_1061;partial=00;start_type=ATG;rbs_motif=GGA/GAG/AGG;rbs_spacer=5-10bp;gc_cont=0.396
contig_1_pilon:246542-247828|-   -            429 22097                -            693   0.00014   17.4   0.0   1   1   3.7e-07   0.00022   16.7   0.0   211   250    32    69    18   104 0.85 contig_1_pilon_208 # 246542 # 247828 # -1 # ID=1_208;partial=00;start_type=ATG;rbs_motif=AGGAGG;rbs_spacer=5-10bp;gc_cont=0.445
contig_2_pilon:280315-281316|+   -            334 22097                -            693    0.0077   11.7   0.0   1   1   1.8e-05     0.011   11.2   0.0   222   254    56    88    42   119 0.89 contig_2_pilon_257 # 280315 # 281316 # 1 # ID=5_257;partial=00;start_type=ATG;rbs_motif=AGGAGG;rbs_spacer=5-10bp;gc_cont=0.439
#
# Program:         hmmsearch
# Version:         3.4 (Aug 2023)
# Pipeline mode:   SEARCH
# Query file:      /sw/data/local/BUSCO_Data/v5/lineages/enterococcus_odb12/hmms/22097at1350.hmm
# Target file:     /home/dich3309/rnaseq-tnseq-enterococcus-analysis/analyses/03_assembly_evaluation/busco_enterococcus_odb12/flye_pacbio_pilon_enterococcus_odb12/prodigal_output/predicted_genes/predicted.faa
# Option settings: hmmsearch --domtblout /home/dich3309/rnaseq-tnseq-enterococcus-analysis/analyses/03_assembly_evaluation/busco_enterococcus_odb12/flye_pacbio_pilon_enterococcus_odb12/run_enterococcus_odb12/hmmer_output/22097at1350.out --cpu 1 /sw/data/local/BUSCO_Data/v5/lineages/enterococcus_odb12/hmms/22097at1350.hmm /home/dich3309/rnaseq-tnseq-enterococcus-analysis/analyses/03_assembly_evaluation/busco_enterococcus_odb12/flye_pacbio_pilon_enterococcus_odb12/prodigal_output/predicted_genes/predicted.faa 
# Current dir:     /gorilla/home/dich3309/rnaseq-tnseq-enterococcus-analysis/code
# Date:            Wed Apr 29 00:55:56 2026
# [ok]
