#                                                                                        --- full sequence --- -------------- this domain -------------   hmm coord   ali coord   env coord
# target name                    accession   tlen query name           accession   qlen   E-value  score  bias   #  of  c-Evalue  i-Evalue  score  bias  from    to  from    to  from    to  acc description of target
#            ------------------- ---------- ----- -------------------- ---------- ----- --------- ------ ----- --- --- --------- --------- ------ ----- ----- ----- ----- ----- ----- ----- ---- ---------------------
contig_1_pilon:746529-747089|+   -            187 22729                -            184   3.9e-99  327.1   0.2   1   1  7.3e-102   4.4e-99  326.9   0.2     1   183     1   183     1   184 1.00 contig_1_pilon_703 # 746529 # 747089 # 1 # ID=1_703;partial=00;start_type=ATG;rbs_motif=AGGAG;rbs_spacer=5-10bp;gc_cont=0.390
contig_1_pilon:1279279-1280457|- -            393 22729                -            184   4.5e-06   23.8   0.2   1   1   1.4e-08   8.3e-06   22.9   0.2    39   165   211   346   201   372 0.77 contig_1_pilon_1236 # 1279279 # 1280457 # -1 # ID=1_1236;partial=00;start_type=ATG;rbs_motif=AGxAGG/AGGxGG;rbs_spacer=5-10bp;gc_cont=0.369
contig_1_pilon:249104-250051|+   -            316 22729                -            184    0.0005   17.1   0.2   1   1   1.4e-06   0.00083   16.4   0.2    41   149   175   285   153   303 0.80 contig_1_pilon_211 # 249104 # 250051 # 1 # ID=1_211;partial=00;start_type=ATG;rbs_motif=AGGAG;rbs_spacer=5-10bp;gc_cont=0.409
contig_1_pilon:263137-263871|-   -            245 22729                -            184    0.0011   16.0   0.0   1   1   2.7e-06    0.0016   15.5   0.0    42   125    43   124    31   170 0.89 contig_1_pilon_222 # 263137 # 263871 # -1 # ID=1_222;partial=00;start_type=ATG;rbs_motif=GGAGG;rbs_spacer=5-10bp;gc_cont=0.410
contig_2_pilon:733909-734424|-   -            172 22729                -            184     0.029   11.4   0.1   1   2   0.00011     0.068   10.2   0.0    18    74    12    71     7    82 0.74 contig_2_pilon_684 # 733909 # 734424 # -1 # ID=5_684;partial=00;start_type=ATG;rbs_motif=GGAG/GAGG;rbs_spacer=5-10bp;gc_cont=0.393
contig_2_pilon:733909-734424|-   -            172 22729                -            184     0.029   11.4   0.1   2   2      0.64   3.9e+02   -2.0   0.0   126   146   109   129   101   137 0.69 contig_2_pilon_684 # 733909 # 734424 # -1 # ID=5_684;partial=00;start_type=ATG;rbs_motif=GGAG/GAGG;rbs_spacer=5-10bp;gc_cont=0.393
#
# Program:         hmmsearch
# Version:         3.4 (Aug 2023)
# Pipeline mode:   SEARCH
# Query file:      /sw/data/local/BUSCO_Data/v5/lineages/enterococcus_odb12/hmms/22729at1350.hmm
# Target file:     /home/dich3309/rnaseq-tnseq-enterococcus-analysis/analyses/03_assembly_evaluation/busco_enterococcus_odb12/flye_pacbio_pilon_enterococcus_odb12/prodigal_output/predicted_genes/predicted.faa
# Option settings: hmmsearch --domtblout /home/dich3309/rnaseq-tnseq-enterococcus-analysis/analyses/03_assembly_evaluation/busco_enterococcus_odb12/flye_pacbio_pilon_enterococcus_odb12/run_enterococcus_odb12/hmmer_output/22729at1350.out --cpu 1 /sw/data/local/BUSCO_Data/v5/lineages/enterococcus_odb12/hmms/22729at1350.hmm /home/dich3309/rnaseq-tnseq-enterococcus-analysis/analyses/03_assembly_evaluation/busco_enterococcus_odb12/flye_pacbio_pilon_enterococcus_odb12/prodigal_output/predicted_genes/predicted.faa 
# Current dir:     /gorilla/home/dich3309/rnaseq-tnseq-enterococcus-analysis/code
# Date:            Wed Apr 29 00:55:59 2026
# [ok]
