#                                                                                        --- full sequence --- -------------- this domain -------------   hmm coord   ali coord   env coord
# target name                    accession   tlen query name           accession   qlen   E-value  score  bias   #  of  c-Evalue  i-Evalue  score  bias  from    to  from    to  from    to  acc description of target
#            ------------------- ---------- ----- -------------------- ---------- ----- --------- ------ ----- --- --- --------- --------- ------ ----- ----- ----- ----- ----- ----- ----- ---- ---------------------
contig_2_pilon:924601-925353|-   -            251 23183                -            247  6.2e-112  370.3  14.0   1   1  1.6e-114  6.9e-112  370.1  14.0     1   246     2   249     2   250 0.98 contig_2_pilon_892 # 924601 # 925353 # -1 # ID=5_892;partial=00;start_type=ATG;rbs_motif=AGGAGG;rbs_spacer=5-10bp;gc_cont=0.376
contig_1_pilon:151626-152387|+   -            254 23183                -            247   1.5e-14   51.3   6.6   1   1   7.8e-17   3.4e-14   50.1   6.6     1   100     4   103     4   125 0.83 contig_1_pilon_134 # 151626 # 152387 # 1 # ID=1_134;partial=00;start_type=ATG;rbs_motif=GGAG/GAGG;rbs_spacer=5-10bp;gc_cont=0.336
contig_1_pilon:550767-551201|-   -            145 23183                -            247   2.1e-12   44.3   0.1   1   1   5.7e-15   2.5e-12   44.0   0.1     1   106     1   104     1   129 0.85 contig_1_pilon_518 # 550767 # 551201 # -1 # ID=1_518;partial=00;start_type=ATG;rbs_motif=AGGAGG;rbs_spacer=5-10bp;gc_cont=0.340
contig_1_pilon:1303017-1303394|- -            126 23183                -            247   5.4e-12   42.9   0.2   1   1   1.3e-14   5.5e-12   42.9   0.2     4   115     3   113     1   125 0.91 contig_1_pilon_1258 # 1303017 # 1303394 # -1 # ID=1_1258;partial=00;start_type=ATG;rbs_motif=GGA/GAG/AGG;rbs_spacer=5-10bp;gc_cont=0.381
contig_2_pilon:778469-778861|+   -            131 23183                -            247   2.1e-10   37.7   0.2   1   1   5.4e-13   2.4e-10   37.5   0.2     4    81    15    91    12   116 0.88 contig_2_pilon_725 # 778469 # 778861 # 1 # ID=5_725;partial=00;start_type=ATG;rbs_motif=GGA/GAG/AGG;rbs_spacer=5-10bp;gc_cont=0.405
contig_2_pilon:488315-488788|-   -            158 23183                -            247   0.00056   16.7   0.0   1   1   1.7e-06   0.00074   16.3   0.0     4    72    19    87    17   133 0.80 contig_2_pilon_458 # 488315 # 488788 # -1 # ID=5_458;partial=00;start_type=ATG;rbs_motif=AGGAG;rbs_spacer=5-10bp;gc_cont=0.369
contig_1_pilon:1151644-1153473|- -            610 23183                -            247      0.44    7.2   8.8   1   1    0.0018      0.77    6.4   8.8    48   160   467   572   460   590 0.76 contig_1_pilon_1092 # 1151644 # 1153473 # -1 # ID=1_1092;partial=00;start_type=ATG;rbs_motif=AGGAG;rbs_spacer=5-10bp;gc_cont=0.401
#
# Program:         hmmsearch
# Version:         3.4 (Aug 2023)
# Pipeline mode:   SEARCH
# Query file:      /sw/data/local/BUSCO_Data/v5/lineages/enterococcus_odb12/hmms/23183at1350.hmm
# Target file:     /home/dich3309/rnaseq-tnseq-enterococcus-analysis/analyses/03_assembly_evaluation/busco_enterococcus_odb12/flye_pacbio_pilon_enterococcus_odb12/prodigal_output/predicted_genes/predicted.faa
# Option settings: hmmsearch --domtblout /home/dich3309/rnaseq-tnseq-enterococcus-analysis/analyses/03_assembly_evaluation/busco_enterococcus_odb12/flye_pacbio_pilon_enterococcus_odb12/run_enterococcus_odb12/hmmer_output/23183at1350.out --cpu 1 /sw/data/local/BUSCO_Data/v5/lineages/enterococcus_odb12/hmms/23183at1350.hmm /home/dich3309/rnaseq-tnseq-enterococcus-analysis/analyses/03_assembly_evaluation/busco_enterococcus_odb12/flye_pacbio_pilon_enterococcus_odb12/prodigal_output/predicted_genes/predicted.faa 
# Current dir:     /gorilla/home/dich3309/rnaseq-tnseq-enterococcus-analysis/code
# Date:            Wed Apr 29 00:56:02 2026
# [ok]
