#                                                                                        --- full sequence --- -------------- this domain -------------   hmm coord   ali coord   env coord
# target name                    accession   tlen query name           accession   qlen   E-value  score  bias   #  of  c-Evalue  i-Evalue  score  bias  from    to  from    to  from    to  acc description of target
#            ------------------- ---------- ----- -------------------- ---------- ----- --------- ------ ----- --- --- --------- --------- ------ ----- ----- ----- ----- ----- ----- ----- ---- ---------------------
contig_1_pilon:482013-483953|+   -            647 705                  -            645         0 1423.7   3.9   1   1         0         0 1423.6   3.9     1   645     1   645     1   645 1.00 contig_1_pilon_465 # 482013 # 483953 # 1 # ID=1_465;partial=00;start_type=ATG;rbs_motif=AGGAGG;rbs_spacer=5-10bp;gc_cont=0.401
contig_1_pilon:1179125-1180834|- -            570 705                  -            645   1.5e-16   57.0   0.5   1   2   1.3e-11   8.1e-09   31.5   0.1   256   411    33   187    25   195 0.88 contig_1_pilon_1117 # 1179125 # 1180834 # -1 # ID=1_1117;partial=00;start_type=ATG;rbs_motif=AGGAG;rbs_spacer=5-10bp;gc_cont=0.399
contig_1_pilon:1179125-1180834|- -            570 705                  -            645   1.5e-16   57.0   0.5   2   2   3.5e-09   2.1e-06   23.5   0.0   538   620   463   548   416   565 0.77 contig_1_pilon_1117 # 1179125 # 1180834 # -1 # ID=1_1117;partial=00;start_type=ATG;rbs_motif=AGGAG;rbs_spacer=5-10bp;gc_cont=0.399
contig_1_pilon:846510-849152|+   -            881 705                  -            645   4.4e-05   19.2   0.7   1   2      0.33     2e+02   -2.8   0.1   125   170   374   419   359   425 0.81 contig_1_pilon_802 # 846510 # 849152 # 1 # ID=1_802;partial=00;start_type=ATG;rbs_motif=AGxAGG/AGGxGG;rbs_spacer=5-10bp;gc_cont=0.401
contig_1_pilon:846510-849152|+   -            881 705                  -            645   4.4e-05   19.2   0.7   2   2   1.3e-07   7.8e-05   18.4   0.1    44   201   539   691   510   722 0.84 contig_1_pilon_802 # 846510 # 849152 # 1 # ID=1_802;partial=00;start_type=ATG;rbs_motif=AGxAGG/AGGxGG;rbs_spacer=5-10bp;gc_cont=0.401
contig_2_pilon:116396-117667|+   -            424 705                  -            645   0.00011   17.8   0.2   1   1   2.7e-07   0.00016   17.3   0.2   242   460   140   361   115   372 0.77 contig_2_pilon_92 # 116396 # 117667 # 1 # ID=5_92;partial=00;start_type=ATG;rbs_motif=AGGAGG;rbs_spacer=5-10bp;gc_cont=0.384
contig_1_pilon:251049-253262|+   -            738 705                  -            645   0.00029   16.5   0.0   1   1   7.3e-07   0.00044   15.9   0.0     4    64   397   457   394   484 0.83 contig_1_pilon_213 # 251049 # 253262 # 1 # ID=1_213;partial=00;start_type=GTG;rbs_motif=AGxAGG/AGGxGG;rbs_spacer=5-10bp;gc_cont=0.404
#
# Program:         hmmsearch
# Version:         3.4 (Aug 2023)
# Pipeline mode:   SEARCH
# Query file:      /sw/data/local/BUSCO_Data/v5/lineages/enterococcus_odb12/hmms/705at1350.hmm
# Target file:     /home/dich3309/rnaseq-tnseq-enterococcus-analysis/analyses/03_assembly_evaluation/busco_enterococcus_odb12/flye_pacbio_pilon_enterococcus_odb12/prodigal_output/predicted_genes/predicted.faa
# Option settings: hmmsearch --domtblout /home/dich3309/rnaseq-tnseq-enterococcus-analysis/analyses/03_assembly_evaluation/busco_enterococcus_odb12/flye_pacbio_pilon_enterococcus_odb12/run_enterococcus_odb12/hmmer_output/705at1350.out --cpu 1 /sw/data/local/BUSCO_Data/v5/lineages/enterococcus_odb12/hmms/705at1350.hmm /home/dich3309/rnaseq-tnseq-enterococcus-analysis/analyses/03_assembly_evaluation/busco_enterococcus_odb12/flye_pacbio_pilon_enterococcus_odb12/prodigal_output/predicted_genes/predicted.faa 
# Current dir:     /gorilla/home/dich3309/rnaseq-tnseq-enterococcus-analysis/code
# Date:            Wed Apr 29 00:56:08 2026
# [ok]
