#                                                                                  --- full sequence --- -------------- this domain -------------   hmm coord   ali coord   env coord
# target name              accession   tlen query name           accession   qlen   E-value  score  bias   #  of  c-Evalue  i-Evalue  score  bias  from    to  from    to  from    to  acc description of target
#      ------------------- ---------- ----- -------------------- ---------- ----- --------- ------ ----- --- --- --------- --------- ------ ----- ----- ----- ----- ----- ----- ----- ---- ---------------------
contig_1:64327-65883|+     -            519 27707                -            517         0 1011.0  34.5   1   1         0         0 1010.8  34.5     3   517     4   518     2   518 1.00 contig_1_71 # 64327 # 65883 # 1 # ID=1_71;partial=00;start_type=ATG;rbs_motif=GGAGG;rbs_spacer=5-10bp;gc_cont=0.418
contig_2:1333323-1333826|+ -            168 27707                -            517   0.00014   17.9   0.0   1   1   2.6e-07   0.00016   17.7   0.0   332   392    37   100    17   109 0.74 contig_2_1277 # 1333323 # 1333826 # 1 # ID=5_1277;partial=00;start_type=ATG;rbs_motif=4Base/6BMM;rbs_spacer=13-15bp;gc_cont=0.415
contig_2:1295296-1297488|+ -            731 27707                -            517      0.02   10.8   0.0   1   3       2.7   1.6e+03   -5.4  15.1    46   169    49   177    31   255 0.68 contig_2_1241 # 1295296 # 1297488 # 1 # ID=5_1241;partial=00;start_type=ATG;rbs_motif=AGGAGG;rbs_spacer=5-10bp;gc_cont=0.394
contig_2:1295296-1297488|+ -            731 27707                -            517      0.02   10.8   0.0   2   3   3.3e-05      0.02   10.8   0.0   334   370   512   548   508   556 0.93 contig_2_1241 # 1295296 # 1297488 # 1 # ID=5_1241;partial=00;start_type=ATG;rbs_motif=AGGAGG;rbs_spacer=5-10bp;gc_cont=0.394
contig_2:1295296-1297488|+ -            731 27707                -            517      0.02   10.8   0.0   3   3    0.0088       5.4    2.8   0.0   378   407   580   609   573   612 0.90 contig_2_1241 # 1295296 # 1297488 # 1 # ID=5_1241;partial=00;start_type=ATG;rbs_motif=AGGAGG;rbs_spacer=5-10bp;gc_cont=0.394
contig_2:1184447-1185031|+ -            195 27707                -            517      0.55    6.0  10.9   1   1   0.00098      0.59    5.9  10.9    40   177    11   152     1   163 0.66 contig_2_1133 # 1184447 # 1185031 # 1 # ID=5_1133;partial=00;start_type=ATG;rbs_motif=AGGAGG;rbs_spacer=5-10bp;gc_cont=0.361
contig_1:1305981-1306475|+ -            165 27707                -            517         5    2.9  16.9   1   1    0.0093       5.6    2.7  16.9    85   210     5   125     1   131 0.77 contig_1_1263 # 1305981 # 1306475 # 1 # ID=1_1263;partial=00;start_type=GTG;rbs_motif=None;rbs_spacer=None;gc_cont=0.459
#
# Program:         hmmsearch
# Version:         3.4 (Aug 2023)
# Pipeline mode:   SEARCH
# Query file:      /sw/data/local/BUSCO_Data/v5/lineages/enterococcaceae_odb12/hmms/27707at81852.hmm
# Target file:     /home/dich3309/rnaseq-tnseq-enterococcus-analysis/analyses/03_assembly_evaluation/busco_enterococcaceae_odb12/flye_pacbio_enterococcaceae_odb12/prodigal_output/predicted_genes/predicted.faa
# Option settings: hmmsearch --domtblout /home/dich3309/rnaseq-tnseq-enterococcus-analysis/analyses/03_assembly_evaluation/busco_enterococcaceae_odb12/flye_pacbio_enterococcaceae_odb12/run_enterococcaceae_odb12/hmmer_output/27707at81852.out --cpu 1 /sw/data/local/BUSCO_Data/v5/lineages/enterococcaceae_odb12/hmms/27707at81852.hmm /home/dich3309/rnaseq-tnseq-enterococcus-analysis/analyses/03_assembly_evaluation/busco_enterococcaceae_odb12/flye_pacbio_enterococcaceae_odb12/prodigal_output/predicted_genes/predicted.faa 
# Current dir:     /gorilla/home/dich3309/rnaseq-tnseq-enterococcus-analysis/code
# Date:            Tue Apr 28 22:19:24 2026
# [ok]
