#                                                                                 --- full sequence --- -------------- this domain -------------   hmm coord   ali coord   env coord
# target name             accession   tlen query name           accession   qlen   E-value  score  bias   #  of  c-Evalue  i-Evalue  score  bias  from    to  from    to  from    to  acc description of target
#     ------------------- ---------- ----- -------------------- ---------- ----- --------- ------ ----- --- --- --------- --------- ------ ----- ----- ----- ----- ----- ----- ----- ---- ---------------------
contig_1:92822-93472|+    -            217 28426                -            216  8.2e-116  382.3   0.5   1   1  1.2e-118  9.1e-116  382.2   0.5     1   215     1   215     1   216 0.99 contig_1_96 # 92822 # 93472 # 1 # ID=1_96;partial=00;start_type=ATG;rbs_motif=AGGAGG;rbs_spacer=5-10bp;gc_cont=0.415
contig_11:176716-177378|- -            221 28426                -            216   2.8e-83  276.0   4.8   1   1   4.2e-86   3.2e-83  275.8   4.8     1   215     1   216     1   217 0.98 contig_11_170 # 176716 # 177378 # -1 # ID=3_170;partial=00;start_type=ATG;rbs_motif=GGxGG;rbs_spacer=5-10bp;gc_cont=0.341
contig_1:693682-694365|+  -            228 28426                -            216   3.7e-06   23.9   0.5   1   3     0.015        11    2.7   0.1    98   131    45    79    27    94 0.81 contig_1_659 # 693682 # 694365 # 1 # ID=1_659;partial=00;start_type=ATG;rbs_motif=AGGAG;rbs_spacer=5-10bp;gc_cont=0.405
contig_1:693682-694365|+  -            228 28426                -            216   3.7e-06   23.9   0.5   2   3   1.3e-06   0.00099   16.0   0.1    98   190    97   198    90   200 0.68 contig_1_659 # 693682 # 694365 # 1 # ID=1_659;partial=00;start_type=ATG;rbs_motif=AGGAG;rbs_spacer=5-10bp;gc_cont=0.405
contig_1:693682-694365|+  -            228 28426                -            216   3.7e-06   23.9   0.5   3   3    0.0045       3.4    4.4   0.0    40   108   153   224   140   226 0.74 contig_1_659 # 693682 # 694365 # 1 # ID=1_659;partial=00;start_type=ATG;rbs_motif=AGGAG;rbs_spacer=5-10bp;gc_cont=0.405
contig_1:529941-530579|+  -            213 28426                -            216   0.00034   17.5   0.0   1   2    0.0064       4.9    3.9   0.1    39    96    36    95     6   108 0.56 contig_1_497 # 529941 # 530579 # 1 # ID=1_497;partial=00;start_type=ATG;rbs_motif=AGGA;rbs_spacer=5-10bp;gc_cont=0.413
contig_1:529941-530579|+  -            213 28426                -            216   0.00034   17.5   0.0   2   2   2.8e-05     0.021   11.6   0.0   156   214   148   206   140   208 0.92 contig_1_497 # 529941 # 530579 # 1 # ID=1_497;partial=00;start_type=ATG;rbs_motif=AGGA;rbs_spacer=5-10bp;gc_cont=0.413
#
# Program:         hmmsearch
# Version:         3.4 (Aug 2023)
# Pipeline mode:   SEARCH
# Query file:      /sw/data/local/BUSCO_Data/v5/lineages/enterococcaceae_odb12/hmms/28426at81852.hmm
# Target file:     /home/dich3309/rnaseq-tnseq-enterococcus-analysis/analyses/03_assembly_evaluation/busco_enterococcaceae_odb12/flye_pacbio_enterococcaceae_odb12/prodigal_output/predicted_genes/predicted.faa
# Option settings: hmmsearch --domtblout /home/dich3309/rnaseq-tnseq-enterococcus-analysis/analyses/03_assembly_evaluation/busco_enterococcaceae_odb12/flye_pacbio_enterococcaceae_odb12/run_enterococcaceae_odb12/hmmer_output/28426at81852.out --cpu 1 /sw/data/local/BUSCO_Data/v5/lineages/enterococcaceae_odb12/hmms/28426at81852.hmm /home/dich3309/rnaseq-tnseq-enterococcus-analysis/analyses/03_assembly_evaluation/busco_enterococcaceae_odb12/flye_pacbio_enterococcaceae_odb12/prodigal_output/predicted_genes/predicted.faa 
# Current dir:     /gorilla/home/dich3309/rnaseq-tnseq-enterococcus-analysis/code
# Date:            Tue Apr 28 22:19:27 2026
# [ok]
