#                                                                                                         --- full sequence --- -------------- this domain -------------   hmm coord   ali coord   env coord
# target name                                     accession   tlen query name           accession   qlen   E-value  score  bias   #  of  c-Evalue  i-Evalue  score  bias  from    to  from    to  from    to  acc description of target
#                             ------------------- ---------- ----- -------------------- ---------- ----- --------- ------ ----- --- --- --------- --------- ------ ----- ----- ----- ----- ----- ----- ----- ---- ---------------------
NODE_3_length_193524_cov_75.578528:36565-37374|-  -            270 16545                -            267  3.6e-156  515.6   0.2   1   1    8e-159  4.2e-156  515.4   0.2     2   267     4   269     3   269 0.99 NODE_3_length_193524_cov_75.578528_64 # 36565 # 37374 # -1 # ID=3_64;partial=00;start_type=ATG;rbs_motif=AGxAGG/AGGxGG;rbs_spacer=5-10bp;gc_cont=0.404
NODE_11_length_94214_cov_54.858857:24809-25549|+  -            247 16545                -            267   1.3e-07   28.6   0.2   1   1   4.8e-10   2.5e-07   27.6   0.2    23   171    25   183    15   192 0.70 NODE_11_length_94214_cov_54.858857_25 # 24809 # 25549 # 1 # ID=11_25;partial=00;start_type=ATG;rbs_motif=AGxAGG/AGGxGG;rbs_spacer=5-10bp;gc_cont=0.371
NODE_5_length_181677_cov_163.395180:12027-12851|- -            275 16545                -            267   3.6e-07   27.1   0.1   1   1   9.8e-10   5.1e-07   26.6   0.1    15    82    19    84     8   120 0.84 NODE_5_length_181677_cov_163.395180_15 # 12027 # 12851 # -1 # ID=5_15;partial=00;start_type=GTG;rbs_motif=AGGAG;rbs_spacer=5-10bp;gc_cont=0.349
NODE_1_length_304474_cov_63.252055:69550-70176|-  -            209 16545                -            267     1e-05   22.4   0.0   1   1   2.5e-08   1.3e-05   22.0   0.0    18    84    14    77     1    91 0.74 NODE_1_length_304474_cov_63.252055_64 # 69550 # 70176 # -1 # ID=1_64;partial=00;start_type=ATG;rbs_motif=AGGAGG;rbs_spacer=5-10bp;gc_cont=0.400
NODE_20_length_58283_cov_65.610712:49171-50850|+  -            560 16545                -            267   1.2e-05   22.2   0.0   1   1     4e-08   2.1e-05   21.3   0.0    45   126    59   143     8   150 0.74 NODE_20_length_58283_cov_65.610712_54 # 49171 # 50850 # 1 # ID=20_54;partial=00;start_type=ATG;rbs_motif=GGAG/GAGG;rbs_spacer=5-10bp;gc_cont=0.424
NODE_6_length_133129_cov_71.626923:39078-39758|-  -            227 16545                -            267    0.0014   15.3   0.1   1   1   5.8e-06     0.003   14.3   0.1    20   153    11   147     4   152 0.62 NODE_6_length_133129_cov_71.626923_37 # 39078 # 39758 # -1 # ID=6_37;partial=00;start_type=ATG;rbs_motif=GGAG/GAGG;rbs_spacer=5-10bp;gc_cont=0.402
#
# Program:         hmmsearch
# Version:         3.4 (Aug 2023)
# Pipeline mode:   SEARCH
# Query file:      /sw/data/local/BUSCO_Data/v5/lineages/enterococcaceae_odb12/hmms/16545at81852.hmm
# Target file:     /home/dich3309/rnaseq-tnseq-enterococcus-analysis/analyses/03_assembly_evaluation/busco_auto_lineage/spades_scaffolds_isolate_auto/prodigal_output/predicted_genes/predicted.faa
# Option settings: hmmsearch --domtblout /home/dich3309/rnaseq-tnseq-enterococcus-analysis/analyses/03_assembly_evaluation/busco_auto_lineage/spades_scaffolds_isolate_auto/run_enterococcaceae_odb12/hmmer_output/16545at81852.out --cpu 1 /sw/data/local/BUSCO_Data/v5/lineages/enterococcaceae_odb12/hmms/16545at81852.hmm /home/dich3309/rnaseq-tnseq-enterococcus-analysis/analyses/03_assembly_evaluation/busco_auto_lineage/spades_scaffolds_isolate_auto/prodigal_output/predicted_genes/predicted.faa 
# Current dir:     /gorilla/home/dich3309/rnaseq-tnseq-enterococcus-analysis/code
# Date:            Wed Apr 22 11:45:24 2026
# [ok]
