#                                                                                                          --- full sequence --- -------------- this domain -------------   hmm coord   ali coord   env coord
# target name                                      accession   tlen query name           accession   qlen   E-value  score  bias   #  of  c-Evalue  i-Evalue  score  bias  from    to  from    to  from    to  acc description of target
#                              ------------------- ---------- ----- -------------------- ---------- ----- --------- ------ ----- --- --- --------- --------- ------ ----- ----- ----- ----- ----- ----- ----- ---- ---------------------
NODE_3_length_193524_cov_75.578528:88639-89538|-   -            300 18978                -            297  2.1e-159  527.5   1.4   1   1  4.4e-162  2.3e-159  527.3   1.4     1   295     1   295     1   297 0.99 NODE_3_length_193524_cov_75.578528_117 # 88639 # 89538 # -1 # ID=3_117;partial=00;start_type=ATG;rbs_motif=GGAG/GAGG;rbs_spacer=5-10bp;gc_cont=0.410
NODE_1_length_304474_cov_63.252055:165548-166459|+ -            304 18978                -            297   2.8e-66  221.8   0.1   1   1   6.5e-69   3.4e-66  221.5   0.1    34   295    35   295    26   297 0.96 NODE_1_length_304474_cov_63.252055_157 # 165548 # 166459 # 1 # ID=1_157;partial=00;start_type=ATG;rbs_motif=AGGA/GGAG/GAGG;rbs_spacer=11-12bp;gc_cont=0.414
NODE_3_length_193524_cov_75.578528:184365-185222|+ -            286 18978                -            297   2.8e-50  169.2   4.0   1   1   6.5e-53   3.4e-50  168.9   4.0    38   281    39   276    10   281 0.91 NODE_3_length_193524_cov_75.578528_194 # 184365 # 185222 # 1 # ID=3_194;partial=00;start_type=GTG;rbs_motif=AGGAG;rbs_spacer=5-10bp;gc_cont=0.400
NODE_34_length_20819_cov_59.576205:8128-8847|-     -            240 18978                -            297     5e-10   37.1   3.8   1   1   1.3e-11   6.8e-09   33.4   3.8    80   244    55   202     1   207 0.79 NODE_34_length_20819_cov_59.576205_7 # 8128 # 8847 # -1 # ID=34_7;partial=00;start_type=ATG;rbs_motif=GGxGG;rbs_spacer=5-10bp;gc_cont=0.382
NODE_9_length_122393_cov_61.758630:87444-88160|-   -            239 18978                -            297     5e-08   30.5   1.4   1   1   1.9e-09   9.8e-07   26.3   1.4    66   245    43   201     2   218 0.73 NODE_9_length_122393_cov_61.758630_89 # 87444 # 88160 # -1 # ID=9_89;partial=00;start_type=ATG;rbs_motif=AGGAG;rbs_spacer=5-10bp;gc_cont=0.404
NODE_10_length_113754_cov_99.095655:19826-20542|-  -            239 18978                -            297   1.6e-06   25.6   0.2   1   1   4.3e-08   2.3e-05   21.8   0.2   125   176    93   142    12   204 0.72 NODE_10_length_113754_cov_99.095655_19 # 19826 # 20542 # -1 # ID=10_19;partial=00;start_type=ATG;rbs_motif=AGGA;rbs_spacer=5-10bp;gc_cont=0.386
#
# Program:         hmmsearch
# Version:         3.4 (Aug 2023)
# Pipeline mode:   SEARCH
# Query file:      /sw/data/local/BUSCO_Data/v5/lineages/enterococcaceae_odb12/hmms/18978at81852.hmm
# Target file:     /home/dich3309/rnaseq-tnseq-enterococcus-analysis/analyses/03_assembly_evaluation/busco_auto_lineage/spades_scaffolds_isolate_auto/prodigal_output/predicted_genes/predicted.faa
# Option settings: hmmsearch --domtblout /home/dich3309/rnaseq-tnseq-enterococcus-analysis/analyses/03_assembly_evaluation/busco_auto_lineage/spades_scaffolds_isolate_auto/run_enterococcaceae_odb12/hmmer_output/18978at81852.out --cpu 1 /sw/data/local/BUSCO_Data/v5/lineages/enterococcaceae_odb12/hmms/18978at81852.hmm /home/dich3309/rnaseq-tnseq-enterococcus-analysis/analyses/03_assembly_evaluation/busco_auto_lineage/spades_scaffolds_isolate_auto/prodigal_output/predicted_genes/predicted.faa 
# Current dir:     /gorilla/home/dich3309/rnaseq-tnseq-enterococcus-analysis/code
# Date:            Wed Apr 22 11:45:33 2026
# [ok]
