#                                                                                                          --- full sequence --- -------------- this domain -------------   hmm coord   ali coord   env coord
# target name                                      accession   tlen query name           accession   qlen   E-value  score  bias   #  of  c-Evalue  i-Evalue  score  bias  from    to  from    to  from    to  acc description of target
#                              ------------------- ---------- ----- -------------------- ---------- ----- --------- ------ ----- --- --- --------- --------- ------ ----- ----- ----- ----- ----- ----- ----- ---- ---------------------
NODE_11_length_94214_cov_54.858857:58008-59369|+   -            454 21142                -            451  2.6e-240  795.4   1.2   1   1  4.7e-243    3e-240  795.2   1.2     1   451     1   453     1   453 0.99 NODE_11_length_94214_cov_54.858857_61 # 58008 # 59369 # 1 # ID=11_61;partial=00;start_type=ATG;rbs_motif=AGGAG;rbs_spacer=5-10bp;gc_cont=0.380
NODE_10_length_113754_cov_99.095655:8452-9864|-    -            471 21142                -            451   5.8e-28   95.4   1.4   1   1   1.4e-30   8.9e-28   94.8   1.4   111   425   119   453   109   464 0.82 NODE_10_length_113754_cov_99.095655_8 # 8452 # 9864 # -1 # ID=10_8;partial=00;start_type=ATG;rbs_motif=GGA/GAG/AGG;rbs_spacer=5-10bp;gc_cont=0.418
NODE_2_length_252901_cov_71.242866:189004-190338|+ -            445 21142                -            451   6.2e-13   45.9   0.4   1   1   1.3e-14   8.1e-12   42.2   0.4     9   327     5   317     1   344 0.75 NODE_2_length_252901_cov_71.242866_180 # 189004 # 190338 # 1 # ID=2_180;partial=00;start_type=ATG;rbs_motif=GGAG/GAGG;rbs_spacer=5-10bp;gc_cont=0.383
NODE_6_length_133129_cov_71.626923:117814-119166|+ -            451 21142                -            451   1.6e-11   41.2   1.5   1   2   8.1e-10   5.1e-07   26.4   0.4   111   269    48   214    41   223 0.69 NODE_6_length_133129_cov_71.626923_109 # 117814 # 119166 # 1 # ID=6_109;partial=00;start_type=ATG;rbs_motif=GGAGG;rbs_spacer=5-10bp;gc_cont=0.381
NODE_6_length_133129_cov_71.626923:117814-119166|+ -            451 21142                -            451   1.6e-11   41.2   1.5   2   2   5.7e-06    0.0036   13.7   0.0   273   317   264   308   251   322 0.82 NODE_6_length_133129_cov_71.626923_109 # 117814 # 119166 # 1 # ID=6_109;partial=00;start_type=ATG;rbs_motif=GGAGG;rbs_spacer=5-10bp;gc_cont=0.381
NODE_34_length_20819_cov_59.576205:11403-12908|+   -            502 21142                -            451   3.2e-11   40.2   3.0   1   1   1.2e-12   7.4e-10   35.7   3.0    93   373    94   414    67   481 0.66 NODE_34_length_20819_cov_59.576205_10 # 11403 # 12908 # 1 # ID=34_10;partial=00;start_type=ATG;rbs_motif=GGAG/GAGG;rbs_spacer=5-10bp;gc_cont=0.386
#
# Program:         hmmsearch
# Version:         3.4 (Aug 2023)
# Pipeline mode:   SEARCH
# Query file:      /sw/data/local/BUSCO_Data/v5/lineages/enterococcaceae_odb12/hmms/21142at81852.hmm
# Target file:     /home/dich3309/rnaseq-tnseq-enterococcus-analysis/analyses/03_assembly_evaluation/busco_auto_lineage/spades_scaffolds_isolate_auto/prodigal_output/predicted_genes/predicted.faa
# Option settings: hmmsearch --domtblout /home/dich3309/rnaseq-tnseq-enterococcus-analysis/analyses/03_assembly_evaluation/busco_auto_lineage/spades_scaffolds_isolate_auto/run_enterococcaceae_odb12/hmmer_output/21142at81852.out --cpu 1 /sw/data/local/BUSCO_Data/v5/lineages/enterococcaceae_odb12/hmms/21142at81852.hmm /home/dich3309/rnaseq-tnseq-enterococcus-analysis/analyses/03_assembly_evaluation/busco_auto_lineage/spades_scaffolds_isolate_auto/prodigal_output/predicted_genes/predicted.faa 
# Current dir:     /gorilla/home/dich3309/rnaseq-tnseq-enterococcus-analysis/code
# Date:            Wed Apr 22 11:45:39 2026
# [ok]
