#                                                                                                           --- full sequence --- -------------- this domain -------------   hmm coord   ali coord   env coord
# target name                                       accession   tlen query name           accession   qlen   E-value  score  bias   #  of  c-Evalue  i-Evalue  score  bias  from    to  from    to  from    to  acc description of target
#                               ------------------- ---------- ----- -------------------- ---------- ----- --------- ------ ----- --- --- --------- --------- ------ ----- ----- ----- ----- ----- ----- ----- ---- ---------------------
NODE_10_length_113754_cov_99.095655:83179-84177|-   -            333 21977                -            391  2.8e-198  656.2  19.6   1   2   9.9e-06    0.0078   12.7   0.2     1    20     1    20     1    23 0.90 NODE_10_length_113754_cov_99.095655_81 # 83179 # 84177 # -1 # ID=10_81;partial=00;start_type=ATG;rbs_motif=AGxAGG/AGGxGG;rbs_spacer=5-10bp;gc_cont=0.407
NODE_10_length_113754_cov_99.095655:83179-84177|-   -            333 21977                -            391  2.8e-198  656.2  19.6   2   2  7.2e-199  5.6e-196  648.6  16.2    75   391    16   332    15   332 0.99 NODE_10_length_113754_cov_99.095655_81 # 83179 # 84177 # -1 # ID=10_81;partial=00;start_type=ATG;rbs_motif=AGxAGG/AGGxGG;rbs_spacer=5-10bp;gc_cont=0.407
NODE_7_length_127392_cov_103.596228:119846-121264|- -            473 21977                -            391   2.3e-52  175.8   6.4   1   1   5.1e-55     4e-52  175.0   6.4   114   380    31   292     6   304 0.86 NODE_7_length_127392_cov_103.596228_124 # 119846 # 121264 # -1 # ID=7_124;partial=00;start_type=ATG;rbs_motif=AGGA/GGAG/GAGG;rbs_spacer=11-12bp;gc_cont=0.424
NODE_6_length_133129_cov_71.626923:111155-111751|-  -            199 21977                -            391    0.0075   12.8   0.1   1   2   2.6e-05      0.02   11.3   0.0   188   281    10    97     1   111 0.65 NODE_6_length_133129_cov_71.626923_100 # 111155 # 111751 # -1 # ID=6_100;partial=00;start_type=GTG;rbs_motif=AGGA/GGAG/GAGG;rbs_spacer=11-12bp;gc_cont=0.365
NODE_6_length_133129_cov_71.626923:111155-111751|-  -            199 21977                -            391    0.0075   12.8   0.1   2   2      0.28   2.2e+02   -1.9   0.0   351   369   105   123    99   139 0.75 NODE_6_length_133129_cov_71.626923_100 # 111155 # 111751 # -1 # ID=6_100;partial=00;start_type=GTG;rbs_motif=AGGA/GGAG/GAGG;rbs_spacer=11-12bp;gc_cont=0.365
NODE_7_length_127392_cov_103.596228:52245-52739|+   -            165 21977                -            391       4.1    3.8  14.4   1   1    0.0056       4.4    3.6  14.4    13    76    51   111     8   136 0.51 NODE_7_length_127392_cov_103.596228_57 # 52245 # 52739 # 1 # ID=7_57;partial=00;start_type=GTG;rbs_motif=None;rbs_spacer=None;gc_cont=0.459
#
# Program:         hmmsearch
# Version:         3.4 (Aug 2023)
# Pipeline mode:   SEARCH
# Query file:      /sw/data/local/BUSCO_Data/v5/lineages/enterococcaceae_odb12/hmms/21977at81852.hmm
# Target file:     /home/dich3309/rnaseq-tnseq-enterococcus-analysis/analyses/03_assembly_evaluation/busco_auto_lineage/spades_scaffolds_isolate_auto/prodigal_output/predicted_genes/predicted.faa
# Option settings: hmmsearch --domtblout /home/dich3309/rnaseq-tnseq-enterococcus-analysis/analyses/03_assembly_evaluation/busco_auto_lineage/spades_scaffolds_isolate_auto/run_enterococcaceae_odb12/hmmer_output/21977at81852.out --cpu 1 /sw/data/local/BUSCO_Data/v5/lineages/enterococcaceae_odb12/hmms/21977at81852.hmm /home/dich3309/rnaseq-tnseq-enterococcus-analysis/analyses/03_assembly_evaluation/busco_auto_lineage/spades_scaffolds_isolate_auto/prodigal_output/predicted_genes/predicted.faa 
# Current dir:     /gorilla/home/dich3309/rnaseq-tnseq-enterococcus-analysis/code
# Date:            Wed Apr 22 11:45:40 2026
# [ok]
