#                                                                                                          --- full sequence --- -------------- this domain -------------   hmm coord   ali coord   env coord
# target name                                      accession   tlen query name           accession   qlen   E-value  score  bias   #  of  c-Evalue  i-Evalue  score  bias  from    to  from    to  from    to  acc description of target
#                              ------------------- ---------- ----- -------------------- ---------- ----- --------- ------ ----- --- --- --------- --------- ------ ----- ----- ----- ----- ----- ----- ----- ---- ---------------------
NODE_2_length_252901_cov_71.242866:138156-139070|+ -            305 22027                -            304  2.7e-159  526.7   0.3   1   1  5.7e-162    3e-159  526.6   0.3     1   303     1   303     1   304 1.00 NODE_2_length_252901_cov_71.242866_136 # 138156 # 139070 # 1 # ID=2_136;partial=00;start_type=ATG;rbs_motif=AGGAGG;rbs_spacer=5-10bp;gc_cont=0.403
NODE_4_length_185058_cov_63.073482:13117-14067|-   -            317 22027                -            304   2.1e-80  267.7   0.0   1   1   5.2e-83   2.8e-80  267.2   0.0     2   301     3   305     2   307 0.98 NODE_4_length_185058_cov_63.073482_14 # 13117 # 14067 # -1 # ID=4_14;partial=00;start_type=ATG;rbs_motif=AGGAGG;rbs_spacer=5-10bp;gc_cont=0.383
NODE_21_length_53836_cov_80.584707:14151-15104|+   -            318 22027                -            304   2.2e-50  169.1   0.6   1   1   4.6e-53   2.4e-50  168.9   0.6     1   303     1   316     1   317 0.89 NODE_21_length_53836_cov_80.584707_18 # 14151 # 15104 # 1 # ID=21_18;partial=00;start_type=ATG;rbs_motif=AGGAG;rbs_spacer=5-10bp;gc_cont=0.352
NODE_14_length_67873_cov_82.007916:40285-41202|+   -            306 22027                -            304   2.7e-10   37.4   2.9   1   1   7.1e-13   3.7e-10   36.9   2.9    12   272    13   277     1   290 0.78 NODE_14_length_67873_cov_82.007916_33 # 40285 # 41202 # 1 # ID=14_33;partial=00;start_type=ATG;rbs_motif=GGAGG;rbs_spacer=5-10bp;gc_cont=0.435
NODE_21_length_53836_cov_80.584707:56-871|-        -            272 22027                -            304   2.8e-06   24.2   0.0   1   1   9.6e-09     5e-06   23.4   0.0   165   271   125   240   104   243 0.80 NODE_21_length_53836_cov_80.584707_1 # 56 # 871 # -1 # ID=21_1;partial=00;start_type=ATG;rbs_motif=GGAGG;rbs_spacer=5-10bp;gc_cont=0.403
NODE_1_length_304474_cov_63.252055:225921-226733|+ -            271 22027                -            304     0.003   14.3   0.4   1   1   9.7e-06    0.0051   13.5   0.2   165   250   121   213   102   251 0.67 NODE_1_length_304474_cov_63.252055_210 # 225921 # 226733 # 1 # ID=1_210;partial=00;start_type=ATG;rbs_motif=GGAGG;rbs_spacer=5-10bp;gc_cont=0.380
#
# Program:         hmmsearch
# Version:         3.4 (Aug 2023)
# Pipeline mode:   SEARCH
# Query file:      /sw/data/local/BUSCO_Data/v5/lineages/enterococcaceae_odb12/hmms/22027at81852.hmm
# Target file:     /home/dich3309/rnaseq-tnseq-enterococcus-analysis/analyses/03_assembly_evaluation/busco_auto_lineage/spades_scaffolds_isolate_auto/prodigal_output/predicted_genes/predicted.faa
# Option settings: hmmsearch --domtblout /home/dich3309/rnaseq-tnseq-enterococcus-analysis/analyses/03_assembly_evaluation/busco_auto_lineage/spades_scaffolds_isolate_auto/run_enterococcaceae_odb12/hmmer_output/22027at81852.out --cpu 1 /sw/data/local/BUSCO_Data/v5/lineages/enterococcaceae_odb12/hmms/22027at81852.hmm /home/dich3309/rnaseq-tnseq-enterococcus-analysis/analyses/03_assembly_evaluation/busco_auto_lineage/spades_scaffolds_isolate_auto/prodigal_output/predicted_genes/predicted.faa 
# Current dir:     /gorilla/home/dich3309/rnaseq-tnseq-enterococcus-analysis/code
# Date:            Wed Apr 22 11:45:40 2026
# [ok]
