#                                                                                                          --- full sequence --- -------------- this domain -------------   hmm coord   ali coord   env coord
# target name                                      accession   tlen query name           accession   qlen   E-value  score  bias   #  of  c-Evalue  i-Evalue  score  bias  from    to  from    to  from    to  acc description of target
#                              ------------------- ---------- ----- -------------------- ---------- ----- --------- ------ ----- --- --- --------- --------- ------ ----- ----- ----- ----- ----- ----- ----- ---- ---------------------
NODE_6_length_133129_cov_71.626923:37739-39070|-   -            444 2313                 -            436  9.3e-231  763.5  17.0   1   1    2e-233  1.1e-230  763.4  17.0     1   436     2   442     2   442 0.98 NODE_6_length_133129_cov_71.626923_36 # 37739 # 39070 # -1 # ID=6_36;partial=00;start_type=ATG;rbs_motif=GGA/GAG/AGG;rbs_spacer=5-10bp;gc_cont=0.423
NODE_52_length_1698_cov_52.659459:177-1661|+       -            495 2313                 -            436   8.5e-10   35.4   3.6   1   1   4.2e-12   2.2e-09   34.0   3.6   155   307    43   212    30   266 0.76 NODE_52_length_1698_cov_52.659459_1 # 177 # 1661 # 1 # ID=52_1;partial=00;start_type=ATG;rbs_motif=AGGAG/GGAGG;rbs_spacer=11-12bp;gc_cont=0.420
NODE_1_length_304474_cov_63.252055:106052-106552|+ -            167 2313                 -            436   2.1e-09   34.1   0.3   1   1   5.1e-12   2.7e-09   33.8   0.3   215   324    39   157     6   165 0.77 NODE_1_length_304474_cov_63.252055_100 # 106052 # 106552 # 1 # ID=1_100;partial=00;start_type=ATG;rbs_motif=GGAGG;rbs_spacer=5-10bp;gc_cont=0.371
NODE_22_length_43876_cov_92.621673:35741-36916|+   -            392 2313                 -            436   4.8e-06   23.0   0.9   1   1   1.7e-08   8.7e-06   22.2   0.9   197   302   256   362   236   370 0.88 NODE_22_length_43876_cov_92.621673_35 # 35741 # 36916 # 1 # ID=22_35;partial=00;start_type=ATG;rbs_motif=GGAG/GAGG;rbs_spacer=5-10bp;gc_cont=0.415
NODE_3_length_193524_cov_75.578528:87260-88621|-   -            454 2313                 -            436   7.4e-06   22.4   0.4   1   1   2.4e-08   1.3e-05   21.7   0.4   223   306   174   257   135   265 0.87 NODE_3_length_193524_cov_75.578528_116 # 87260 # 88621 # -1 # ID=3_116;partial=00;start_type=TTG;rbs_motif=GGAG/GAGG;rbs_spacer=5-10bp;gc_cont=0.412
NODE_10_length_113754_cov_99.095655:23811-25112|-  -            434 2313                 -            436   4.1e-05   20.0   0.3   1   1   1.1e-07   5.5e-05   19.5   0.3   190   305   215   333   205   373 0.77 NODE_10_length_113754_cov_99.095655_23 # 23811 # 25112 # -1 # ID=10_23;partial=00;start_type=ATG;rbs_motif=AGxAGG/AGGxGG;rbs_spacer=5-10bp;gc_cont=0.376
#
# Program:         hmmsearch
# Version:         3.4 (Aug 2023)
# Pipeline mode:   SEARCH
# Query file:      /sw/data/local/BUSCO_Data/v5/lineages/enterococcaceae_odb12/hmms/2313at81852.hmm
# Target file:     /home/dich3309/rnaseq-tnseq-enterococcus-analysis/analyses/03_assembly_evaluation/busco_auto_lineage/spades_scaffolds_isolate_auto/prodigal_output/predicted_genes/predicted.faa
# Option settings: hmmsearch --domtblout /home/dich3309/rnaseq-tnseq-enterococcus-analysis/analyses/03_assembly_evaluation/busco_auto_lineage/spades_scaffolds_isolate_auto/run_enterococcaceae_odb12/hmmer_output/2313at81852.out --cpu 1 /sw/data/local/BUSCO_Data/v5/lineages/enterococcaceae_odb12/hmms/2313at81852.hmm /home/dich3309/rnaseq-tnseq-enterococcus-analysis/analyses/03_assembly_evaluation/busco_auto_lineage/spades_scaffolds_isolate_auto/prodigal_output/predicted_genes/predicted.faa 
# Current dir:     /gorilla/home/dich3309/rnaseq-tnseq-enterococcus-analysis/code
# Date:            Wed Apr 22 11:45:43 2026
# [ok]
