#                                                                                                        --- full sequence --- -------------- this domain -------------   hmm coord   ali coord   env coord
# target name                                    accession   tlen query name           accession   qlen   E-value  score  bias   #  of  c-Evalue  i-Evalue  score  bias  from    to  from    to  from    to  acc description of target
#                            ------------------- ---------- ----- -------------------- ---------- ----- --------- ------ ----- --- --- --------- --------- ------ ----- ----- ----- ----- ----- ----- ----- ---- ---------------------
NODE_18_length_59342_cov_60.374412:6508-7314|-   -            269 28272                -            266   3.6e-96  319.0   6.6   1   1   5.2e-99   4.1e-96  318.8   6.6     1   265     1   264     1   265 0.98 NODE_18_length_59342_cov_60.374412_6 # 6508 # 7314 # -1 # ID=18_6;partial=00;start_type=ATG;rbs_motif=AGGAG;rbs_spacer=5-10bp;gc_cont=0.413
NODE_8_length_123234_cov_76.327838:72087-72974|+ -            296 28272                -            266    0.0003   17.6   0.2   1   2   1.1e-06   0.00087   16.1   0.0     1    69     1    64     1   104 0.86 NODE_8_length_123234_cov_76.327838_69 # 72087 # 72974 # 1 # ID=8_69;partial=00;start_type=ATG;rbs_motif=AGGAGG;rbs_spacer=5-10bp;gc_cont=0.396
NODE_8_length_123234_cov_76.327838:72087-72974|+ -            296 28272                -            266    0.0003   17.6   0.2   2   2      0.24   1.9e+02   -1.4   0.1   192   226   165   200   158   210 0.71 NODE_8_length_123234_cov_76.327838_69 # 72087 # 72974 # 1 # ID=8_69;partial=00;start_type=ATG;rbs_motif=AGGAGG;rbs_spacer=5-10bp;gc_cont=0.396
NODE_43_length_10293_cov_51.372417:917-1837|+    -            307 28272                -            266    0.0062   13.3   0.1   1   1   1.2e-05    0.0095   12.7   0.1     1    61     1    61     1   132 0.76 NODE_43_length_10293_cov_51.372417_2 # 917 # 1837 # 1 # ID=43_2;partial=00;start_type=ATG;rbs_motif=AGGAGG;rbs_spacer=5-10bp;gc_cont=0.351
NODE_11_length_94214_cov_54.858857:75375-76652|+ -            426 28272                -            266     0.012   12.5   0.3   1   2   4.8e-05     0.038   10.8   0.3    26   115   117   201    69   205 0.86 NODE_11_length_94214_cov_54.858857_76 # 75375 # 76652 # 1 # ID=11_76;partial=00;start_type=ATG;rbs_motif=GGAG/GAGG;rbs_spacer=5-10bp;gc_cont=0.384
NODE_11_length_94214_cov_54.858857:75375-76652|+ -            426 28272                -            266     0.012   12.5   0.3   2   2      0.28   2.2e+02   -1.6   0.0    17    47   350   380   349   393 0.80 NODE_11_length_94214_cov_54.858857_76 # 75375 # 76652 # 1 # ID=11_76;partial=00;start_type=ATG;rbs_motif=GGAG/GAGG;rbs_spacer=5-10bp;gc_cont=0.384
#
# Program:         hmmsearch
# Version:         3.4 (Aug 2023)
# Pipeline mode:   SEARCH
# Query file:      /sw/data/local/BUSCO_Data/v5/lineages/enterococcaceae_odb12/hmms/28272at81852.hmm
# Target file:     /home/dich3309/rnaseq-tnseq-enterococcus-analysis/analyses/03_assembly_evaluation/busco_auto_lineage/spades_scaffolds_isolate_auto/prodigal_output/predicted_genes/predicted.faa
# Option settings: hmmsearch --domtblout /home/dich3309/rnaseq-tnseq-enterococcus-analysis/analyses/03_assembly_evaluation/busco_auto_lineage/spades_scaffolds_isolate_auto/run_enterococcaceae_odb12/hmmer_output/28272at81852.out --cpu 1 /sw/data/local/BUSCO_Data/v5/lineages/enterococcaceae_odb12/hmms/28272at81852.hmm /home/dich3309/rnaseq-tnseq-enterococcus-analysis/analyses/03_assembly_evaluation/busco_auto_lineage/spades_scaffolds_isolate_auto/prodigal_output/predicted_genes/predicted.faa 
# Current dir:     /gorilla/home/dich3309/rnaseq-tnseq-enterococcus-analysis/code
# Date:            Wed Apr 22 11:45:51 2026
# [ok]
