#                                                                                                         --- full sequence --- -------------- this domain -------------   hmm coord   ali coord   env coord
# target name                                     accession   tlen query name           accession   qlen   E-value  score  bias   #  of  c-Evalue  i-Evalue  score  bias  from    to  from    to  from    to  acc description of target
#                             ------------------- ---------- ----- -------------------- ---------- ----- --------- ------ ----- --- --- --------- --------- ------ ----- ----- ----- ----- ----- ----- ----- ---- ---------------------
NODE_9_length_122393_cov_61.758630:77867-78547|-  -            227 8931                 -            222  8.3e-112  369.8   3.7   1   1  8.8e-115  9.2e-112  369.7   3.7     1   221     1   221     1   222 0.99 NODE_9_length_122393_cov_61.758630_80 # 77867 # 78547 # -1 # ID=9_80;partial=00;start_type=ATG;rbs_motif=AGGAG;rbs_spacer=5-10bp;gc_cont=0.407
NODE_10_length_113754_cov_99.095655:77382-78137|- -            252 8931                 -            222     0.007   13.6   0.4   1   2   0.00014      0.14    9.3   0.0     7    35    31    63    26   120 0.70 NODE_10_length_113754_cov_99.095655_76 # 77382 # 78137 # -1 # ID=10_76;partial=00;start_type=ATG;rbs_motif=AGGA;rbs_spacer=5-10bp;gc_cont=0.362
NODE_10_length_113754_cov_99.095655:77382-78137|- -            252 8931                 -            222     0.007   13.6   0.4   2   2     0.018        19    2.4   0.3    17    82   144   211   133   236 0.65 NODE_10_length_113754_cov_99.095655_76 # 77382 # 78137 # -1 # ID=10_76;partial=00;start_type=ATG;rbs_motif=AGGA;rbs_spacer=5-10bp;gc_cont=0.362
NODE_20_length_58283_cov_65.610712:25856-27790|+  -            645 8931                 -            222     0.014   12.6   0.6   1   3     0.011        11    3.1   0.0     5    24    31    50    27   103 0.86 NODE_20_length_58283_cov_65.610712_34 # 25856 # 27790 # 1 # ID=20_34;partial=00;start_type=ATG;rbs_motif=GGAG/GAGG;rbs_spacer=5-10bp;gc_cont=0.402
NODE_20_length_58283_cov_65.610712:25856-27790|+  -            645 8931                 -            222     0.014   12.6   0.6   2   3      0.11   1.1e+02   -0.1   0.4   149   178   234   263   227   296 0.82 NODE_20_length_58283_cov_65.610712_34 # 25856 # 27790 # 1 # ID=20_34;partial=00;start_type=ATG;rbs_motif=GGAG/GAGG;rbs_spacer=5-10bp;gc_cont=0.402
NODE_20_length_58283_cov_65.610712:25856-27790|+  -            645 8931                 -            222     0.014   12.6   0.6   3   3    0.0024       2.6    5.2   0.0     5    31   356   382   352   442 0.82 NODE_20_length_58283_cov_65.610712_34 # 25856 # 27790 # 1 # ID=20_34;partial=00;start_type=ATG;rbs_motif=GGAG/GAGG;rbs_spacer=5-10bp;gc_cont=0.402
#
# Program:         hmmsearch
# Version:         3.4 (Aug 2023)
# Pipeline mode:   SEARCH
# Query file:      /sw/data/local/BUSCO_Data/v5/lineages/enterococcaceae_odb12/hmms/8931at81852.hmm
# Target file:     /home/dich3309/rnaseq-tnseq-enterococcus-analysis/analyses/03_assembly_evaluation/busco_auto_lineage/spades_scaffolds_isolate_auto/prodigal_output/predicted_genes/predicted.faa
# Option settings: hmmsearch --domtblout /home/dich3309/rnaseq-tnseq-enterococcus-analysis/analyses/03_assembly_evaluation/busco_auto_lineage/spades_scaffolds_isolate_auto/run_enterococcaceae_odb12/hmmer_output/8931at81852.out --cpu 1 /sw/data/local/BUSCO_Data/v5/lineages/enterococcaceae_odb12/hmms/8931at81852.hmm /home/dich3309/rnaseq-tnseq-enterococcus-analysis/analyses/03_assembly_evaluation/busco_auto_lineage/spades_scaffolds_isolate_auto/prodigal_output/predicted_genes/predicted.faa 
# Current dir:     /gorilla/home/dich3309/rnaseq-tnseq-enterococcus-analysis/code
# Date:            Wed Apr 22 11:45:57 2026
# [ok]
