#                                                                                       --- full sequence --- -------------- this domain -------------   hmm coord   ali coord   env coord
# target name                   accession   tlen query name           accession   qlen   E-value  score  bias   #  of  c-Evalue  i-Evalue  score  bias  from    to  from    to  from    to  acc description of target
#           ------------------- ---------- ----- -------------------- ---------- ----- --------- ------ ----- --- --- --------- --------- ------ ----- ----- ----- ----- ----- ----- ----- ---- ---------------------
NZ_CP014529.1:2543922-2544572|- -            217 19305                -            216  2.3e-126  417.1   0.8   1   1  3.2e-129  2.5e-126  416.9   0.8     1   216     1   216     1   216 1.00 NZ_CP014529.1_2458 # 2543922 # 2544572 # -1 # ID=1_2458;partial=00;start_type=ATG;rbs_motif=AGGAGG;rbs_spacer=5-10bp;gc_cont=0.415
NZ_CP014530.1:31828-32490|+     -            221 19305                -            216   1.2e-81  270.9   4.5   1   1   1.7e-84   1.3e-81  270.7   4.5     1   215     1   216     1   217 0.98 NZ_CP014530.1_39 # 31828 # 32490 # 1 # ID=2_39;partial=00;start_type=ATG;rbs_motif=GGxGG;rbs_spacer=5-10bp;gc_cont=0.341
NZ_CP014529.1:2106811-2107449|- -            213 19305                -            216   0.00026   18.1   0.0   1   2      0.01       8.1    3.4   0.0    40    94    37    93     6   109 0.60 NZ_CP014529.1_2057 # 2106811 # 2107449 # -1 # ID=1_2057;partial=00;start_type=ATG;rbs_motif=AGGA;rbs_spacer=5-10bp;gc_cont=0.412
NZ_CP014529.1:2106811-2107449|- -            213 19305                -            216   0.00026   18.1   0.0   2   2   1.4e-05     0.011   12.8   0.0   155   214   147   206   138   208 0.92 NZ_CP014529.1_2057 # 2106811 # 2107449 # -1 # ID=1_2057;partial=00;start_type=ATG;rbs_motif=AGGA;rbs_spacer=5-10bp;gc_cont=0.412
NZ_CP014529.1:1943024-1943707|- -            228 19305                -            216   0.00039   17.5   0.9   1   3     0.057        44    1.0   0.0    99   131    46    79    38    91 0.76 NZ_CP014529.1_1895 # 1943024 # 1943707 # -1 # ID=1_1895;partial=00;start_type=ATG;rbs_motif=AGGAG;rbs_spacer=5-10bp;gc_cont=0.406
NZ_CP014529.1:1943024-1943707|- -            228 19305                -            216   0.00039   17.5   0.9   2   3   1.2e-05     0.009   13.1   0.2   100   190    99   198    93   202 0.65 NZ_CP014529.1_1895 # 1943024 # 1943707 # -1 # ID=1_1895;partial=00;start_type=ATG;rbs_motif=AGGAG;rbs_spacer=5-10bp;gc_cont=0.406
NZ_CP014529.1:1943024-1943707|- -            228 19305                -            216   0.00039   17.5   0.9   3   3     0.025        20    2.1   0.0    37    86   150   201   138   219 0.74 NZ_CP014529.1_1895 # 1943024 # 1943707 # -1 # ID=1_1895;partial=00;start_type=ATG;rbs_motif=AGGAG;rbs_spacer=5-10bp;gc_cont=0.406
#
# Program:         hmmsearch
# Version:         3.4 (Aug 2023)
# Pipeline mode:   SEARCH
# Query file:      /sw/data/local/BUSCO_Data/v5/lineages/enterococcus_odb12/hmms/19305at1350.hmm
# Target file:     /home/dich3309/rnaseq-tnseq-enterococcus-analysis/analyses/03_assembly_evaluation/busco_enterococcus_odb12/reference_e745_enterococcus_odb12/prodigal_output/predicted_genes/predicted.faa
# Option settings: hmmsearch --domtblout /home/dich3309/rnaseq-tnseq-enterococcus-analysis/analyses/03_assembly_evaluation/busco_enterococcus_odb12/reference_e745_enterococcus_odb12/run_enterococcus_odb12/hmmer_output/19305at1350.out --cpu 1 /sw/data/local/BUSCO_Data/v5/lineages/enterococcus_odb12/hmms/19305at1350.hmm /home/dich3309/rnaseq-tnseq-enterococcus-analysis/analyses/03_assembly_evaluation/busco_enterococcus_odb12/reference_e745_enterococcus_odb12/prodigal_output/predicted_genes/predicted.faa 
# Current dir:     /gorilla/home/dich3309/rnaseq-tnseq-enterococcus-analysis/code
# Date:            Wed Apr 29 12:22:20 2026
# [ok]
