#                                                                                                          --- full sequence --- -------------- this domain -------------   hmm coord   ali coord   env coord
# target name                                      accession   tlen query name           accession   qlen   E-value  score  bias   #  of  c-Evalue  i-Evalue  score  bias  from    to  from    to  from    to  acc description of target
#                              ------------------- ---------- ----- -------------------- ---------- ----- --------- ------ ----- --- --- --------- --------- ------ ----- ----- ----- ----- ----- ----- ----- ---- ---------------------
NODE_26_length_29482_cov_89.132840:27664-28056|+   -            131 16949                -            125   1.4e-73  242.4   1.4   1   1   2.6e-76   1.6e-73  242.2   1.4     1   122     1   122     1   125 0.99 NODE_26_length_29482_cov_89.132840_27 # 27664 # 28056 # 1 # ID=26_27;partial=00;start_type=ATG;rbs_motif=GGA/GAG/AGG;rbs_spacer=5-10bp;gc_cont=0.405
NODE_10_length_119333_cov_96.609128:92171-92932|+  -            254 16949                -            125   2.8e-08   31.5   3.6   1   2   1.5e-10   9.1e-08   29.8   3.4    12    87     4    80     2   112 0.78 NODE_10_length_119333_cov_96.609128_68 # 92171 # 92932 # 1 # ID=10_68;partial=00;start_type=ATG;rbs_motif=GGAG/GAGG;rbs_spacer=5-10bp;gc_cont=0.336
NODE_10_length_119333_cov_96.609128:92171-92932|+  -            254 16949                -            125   2.8e-08   31.5   3.6   2   2      0.47   2.9e+02   -0.9   0.2    77    94    93   110    88   133 0.72 NODE_10_length_119333_cov_96.609128_68 # 92171 # 92932 # 1 # ID=10_68;partial=00;start_type=ATG;rbs_motif=GGAG/GAGG;rbs_spacer=5-10bp;gc_cont=0.336
NODE_12_length_96937_cov_75.325559:95015-95488|+   -            158 16949                -            125   6.6e-07   27.0   0.3   1   1   1.4e-09   8.6e-07   26.6   0.3    13   102    17   107     6   134 0.80 NODE_12_length_96937_cov_75.325559_88 # 95015 # 95488 # 1 # ID=12_88;partial=00;start_type=ATG;rbs_motif=AGGAG;rbs_spacer=5-10bp;gc_cont=0.371
NODE_6_length_183174_cov_88.861183:16591-17025|+   -            145 16949                -            125   7.1e-06   23.7   0.1   1   1   1.4e-08   8.8e-06   23.4   0.1    13   108     2    96     1   117 0.83 NODE_6_length_183174_cov_88.861183_20 # 16591 # 17025 # 1 # ID=6_20;partial=00;start_type=ATG;rbs_motif=AGGAGG;rbs_spacer=5-10bp;gc_cont=0.340
NODE_7_length_162800_cov_68.413407:129868-130620|- -            251 16949                -            125   9.2e-05   20.1   0.5   1   1   3.1e-07   0.00019   19.0   0.1    19    88     9    79     2   105 0.78 NODE_7_length_162800_cov_68.413407_152 # 129868 # 130620 # -1 # ID=7_152;partial=00;start_type=ATG;rbs_motif=AGGAGG;rbs_spacer=5-10bp;gc_cont=0.376
#
# Program:         hmmsearch
# Version:         3.4 (Aug 2023)
# Pipeline mode:   SEARCH
# Query file:      /sw/data/local/BUSCO_Data/v5/lineages/enterococcus_odb12/hmms/16949at1350.hmm
# Target file:     /home/dich3309/rnaseq-tnseq-enterococcus-analysis/analyses/03_assembly_evaluation/busco_manual_lineage/spades_scaffolds_enterococcus_odb12/prodigal_output/predicted_genes/predicted.faa
# Option settings: hmmsearch --domtblout /home/dich3309/rnaseq-tnseq-enterococcus-analysis/analyses/03_assembly_evaluation/busco_manual_lineage/spades_scaffolds_enterococcus_odb12/run_enterococcus_odb12/hmmer_output/16949at1350.out --cpu 1 /sw/data/local/BUSCO_Data/v5/lineages/enterococcus_odb12/hmms/16949at1350.hmm /home/dich3309/rnaseq-tnseq-enterococcus-analysis/analyses/03_assembly_evaluation/busco_manual_lineage/spades_scaffolds_enterococcus_odb12/prodigal_output/predicted_genes/predicted.faa 
# Current dir:     /gorilla/home/dich3309/rnaseq-tnseq-enterococcus-analysis/code
# Date:            Wed Apr 22 11:35:00 2026
# [ok]
