#                                                                                                          --- full sequence --- -------------- this domain -------------   hmm coord   ali coord   env coord
# target name                                      accession   tlen query name           accession   qlen   E-value  score  bias   #  of  c-Evalue  i-Evalue  score  bias  from    to  from    to  from    to  acc description of target
#                              ------------------- ---------- ----- -------------------- ---------- ----- --------- ------ ----- --- --- --------- --------- ------ ----- ----- ----- ----- ----- ----- ----- ---- ---------------------
NODE_10_length_119333_cov_96.609128:13883-14701|+  -            273 17244                -            272  5.7e-176  580.7   1.8   1   1    1e-178  6.3e-176  580.6   1.8     1   272     1   272     1   272 1.00 NODE_10_length_119333_cov_96.609128_12 # 13883 # 14701 # 1 # ID=10_12;partial=00;start_type=GTG;rbs_motif=AGGAG;rbs_spacer=5-10bp;gc_cont=0.400
NODE_2_length_304403_cov_65.784473:10076-10657|+   -            194 17244                -            272   5.4e-14   49.5   0.6   1   1     1e-16   6.3e-14   49.3   0.6    85   246     2   167     1   180 0.87 NODE_2_length_304403_cov_65.784473_11 # 10076 # 10657 # 1 # ID=2_11;partial=00;start_type=GTG;rbs_motif=AGGAG;rbs_spacer=5-10bp;gc_cont=0.402
NODE_2_length_304403_cov_65.784473:123084-123596|+ -            171 17244                -            272   1.7e-13   47.9   0.0   1   1   3.5e-16   2.1e-13   47.5   0.0   105   248    23   164    12   169 0.91 NODE_2_length_304403_cov_65.784473_116 # 123084 # 123596 # 1 # ID=2_116;partial=00;start_type=GTG;rbs_motif=AGGAGG;rbs_spacer=5-10bp;gc_cont=0.415
NODE_2_length_304403_cov_65.784473:177516-178145|+ -            210 17244                -            272    0.0023   14.6   0.4   1   2   6.3e-05     0.039   10.6   0.0   111   164    45   100    35   113 0.85 NODE_2_length_304403_cov_65.784473_169 # 177516 # 178145 # 1 # ID=2_169;partial=00;start_type=ATG;rbs_motif=GGAG/GAGG;rbs_spacer=5-10bp;gc_cont=0.394
NODE_2_length_304403_cov_65.784473:177516-178145|+ -            210 17244                -            272    0.0023   14.6   0.4   2   2     0.021        13    2.3   0.1   195   234   114   154   109   171 0.77 NODE_2_length_304403_cov_65.784473_169 # 177516 # 178145 # 1 # ID=2_169;partial=00;start_type=ATG;rbs_motif=GGAG/GAGG;rbs_spacer=5-10bp;gc_cont=0.394
NODE_18_length_58283_cov_66.770060:15771-16037|-   -             89 17244                -            272      0.02   11.5   0.0   1   1   3.4e-05     0.021   11.5   0.0    34    84    14    64     5    83 0.83 NODE_18_length_58283_cov_66.770060_23 # 15771 # 16037 # -1 # ID=18_23;partial=00;start_type=ATG;rbs_motif=GGAG/GAGG;rbs_spacer=5-10bp;gc_cont=0.427
#
# Program:         hmmsearch
# Version:         3.4 (Aug 2023)
# Pipeline mode:   SEARCH
# Query file:      /sw/data/local/BUSCO_Data/v5/lineages/enterococcus_odb12/hmms/17244at1350.hmm
# Target file:     /home/dich3309/rnaseq-tnseq-enterococcus-analysis/analyses/03_assembly_evaluation/busco_manual_lineage/spades_scaffolds_enterococcus_odb12/prodigal_output/predicted_genes/predicted.faa
# Option settings: hmmsearch --domtblout /home/dich3309/rnaseq-tnseq-enterococcus-analysis/analyses/03_assembly_evaluation/busco_manual_lineage/spades_scaffolds_enterococcus_odb12/run_enterococcus_odb12/hmmer_output/17244at1350.out --cpu 1 /sw/data/local/BUSCO_Data/v5/lineages/enterococcus_odb12/hmms/17244at1350.hmm /home/dich3309/rnaseq-tnseq-enterococcus-analysis/analyses/03_assembly_evaluation/busco_manual_lineage/spades_scaffolds_enterococcus_odb12/prodigal_output/predicted_genes/predicted.faa 
# Current dir:     /gorilla/home/dich3309/rnaseq-tnseq-enterococcus-analysis/code
# Date:            Wed Apr 22 11:35:02 2026
# [ok]
