#                                                                                                          --- full sequence --- -------------- this domain -------------   hmm coord   ali coord   env coord
# target name                                      accession   tlen query name           accession   qlen   E-value  score  bias   #  of  c-Evalue  i-Evalue  score  bias  from    to  from    to  from    to  acc description of target
#                              ------------------- ---------- ----- -------------------- ---------- ----- --------- ------ ----- --- --- --------- --------- ------ ----- ----- ----- ----- ----- ----- ----- ---- ---------------------
NODE_2_length_304403_cov_65.784473:19972-21411|+   -            480 17342                -            479         0 1016.6   0.1   1   1         0         0 1016.5   0.1     1   479     1   479     1   479 1.00 NODE_2_length_304403_cov_65.784473_21 # 19972 # 21411 # 1 # ID=2_21;partial=00;start_type=ATG;rbs_motif=GGAGG;rbs_spacer=5-10bp;gc_cont=0.416
NODE_1_length_385945_cov_86.278628:259477-261282|- -            602 17342                -            479   6.5e-22   75.3   0.5   1   1   1.8e-24   1.1e-21   74.6   0.5    12   242     2   226     1   233 0.90 NODE_1_length_385945_cov_86.278628_267 # 259477 # 261282 # -1 # ID=1_267;partial=00;start_type=ATG;rbs_motif=AGxAGG/AGGxGG;rbs_spacer=5-10bp;gc_cont=0.407
NODE_30_length_20136_cov_58.816694:3036-4010|+     -            325 17342                -            479   3.7e-06   23.3   0.0   1   2      0.84   5.2e+02   -3.5   0.0   365   381   114   130   113   144 0.74 NODE_30_length_20136_cov_58.816694_3 # 3036 # 4010 # 1 # ID=30_3;partial=00;start_type=ATG;rbs_motif=GGAGG;rbs_spacer=5-10bp;gc_cont=0.406
NODE_30_length_20136_cov_58.816694:3036-4010|+     -            325 17342                -            479   3.7e-06   23.3   0.0   2   2   1.4e-08   8.7e-06   22.1   0.0   344   383   211   250   206   258 0.91 NODE_30_length_20136_cov_58.816694_3 # 3036 # 4010 # 1 # ID=30_3;partial=00;start_type=ATG;rbs_motif=GGAGG;rbs_spacer=5-10bp;gc_cont=0.406
NODE_1_length_385945_cov_86.278628:163528-165423|+ -            632 17342                -            479     5e-05   19.6   0.0   1   1   1.5e-07   9.5e-05   18.7   0.0   108   207    67   159    57   163 0.84 NODE_1_length_385945_cov_86.278628_179 # 163528 # 165423 # 1 # ID=1_179;partial=00;start_type=ATG;rbs_motif=AGGA/GGAG/GAGG;rbs_spacer=11-12bp;gc_cont=0.372
NODE_10_length_119333_cov_96.609128:16671-17642|+  -            324 17342                -            479   0.00017   17.8   0.1   1   1   3.8e-07   0.00024   17.4   0.1   342   410   211   279   180   317 0.83 NODE_10_length_119333_cov_96.609128_14 # 16671 # 17642 # 1 # ID=10_14;partial=00;start_type=ATG;rbs_motif=GGAGG;rbs_spacer=5-10bp;gc_cont=0.402
#
# Program:         hmmsearch
# Version:         3.4 (Aug 2023)
# Pipeline mode:   SEARCH
# Query file:      /sw/data/local/BUSCO_Data/v5/lineages/enterococcus_odb12/hmms/17342at1350.hmm
# Target file:     /home/dich3309/rnaseq-tnseq-enterococcus-analysis/analyses/03_assembly_evaluation/busco_manual_lineage/spades_scaffolds_enterococcus_odb12/prodigal_output/predicted_genes/predicted.faa
# Option settings: hmmsearch --domtblout /home/dich3309/rnaseq-tnseq-enterococcus-analysis/analyses/03_assembly_evaluation/busco_manual_lineage/spades_scaffolds_enterococcus_odb12/run_enterococcus_odb12/hmmer_output/17342at1350.out --cpu 1 /sw/data/local/BUSCO_Data/v5/lineages/enterococcus_odb12/hmms/17342at1350.hmm /home/dich3309/rnaseq-tnseq-enterococcus-analysis/analyses/03_assembly_evaluation/busco_manual_lineage/spades_scaffolds_enterococcus_odb12/prodigal_output/predicted_genes/predicted.faa 
# Current dir:     /gorilla/home/dich3309/rnaseq-tnseq-enterococcus-analysis/code
# Date:            Mon Apr 20 03:10:48 2026
# [ok]
