#                                                                                                           --- full sequence --- -------------- this domain -------------   hmm coord   ali coord   env coord
# target name                                       accession   tlen query name           accession   qlen   E-value  score  bias   #  of  c-Evalue  i-Evalue  score  bias  from    to  from    to  from    to  acc description of target
#                               ------------------- ---------- ----- -------------------- ---------- ----- --------- ------ ----- --- --- --------- --------- ------ ----- ----- ----- ----- ----- ----- ----- ---- ---------------------
NODE_13_length_81038_cov_67.502957:5616-6476|-      -            287 20011                -            252  3.2e-150  495.9   0.2   1   1  6.4e-153  3.9e-150  495.6   0.2     4   251    35   285    32   286 0.97 NODE_13_length_81038_cov_67.502957_8 # 5616 # 6476 # -1 # ID=13_8;partial=00;start_type=ATG;rbs_motif=None;rbs_spacer=None;gc_cont=0.420
NODE_5_length_185063_cov_65.589034:176890-177654|+  -            255 20011                -            252   4.7e-28   95.6   0.4   1   1   1.9e-30   1.2e-27   94.3   0.4     5   244    20   251    16   253 0.81 NODE_5_length_185063_cov_65.589034_167 # 176890 # 177654 # 1 # ID=5_167;partial=00;start_type=GTG;rbs_motif=GGAGG;rbs_spacer=5-10bp;gc_cont=0.405
NODE_4_length_193524_cov_77.069373:108164-108667|+  -            168 20011                -            252   1.4e-05   22.0   0.0   1   2      0.93   5.7e+02   -2.9   0.0   114   127    12    25     5    32 0.84 NODE_4_length_193524_cov_77.069373_87 # 108164 # 108667 # 1 # ID=4_87;partial=00;start_type=ATG;rbs_motif=GGAG/GAGG;rbs_spacer=5-10bp;gc_cont=0.365
NODE_4_length_193524_cov_77.069373:108164-108667|+  -            168 20011                -            252   1.4e-05   22.0   0.0   2   2   3.9e-08   2.4e-05   21.2   0.0   200   249    99   150    48   152 0.86 NODE_4_length_193524_cov_77.069373_87 # 108164 # 108667 # 1 # ID=4_87;partial=00;start_type=ATG;rbs_motif=GGAG/GAGG;rbs_spacer=5-10bp;gc_cont=0.365
NODE_21_length_41947_cov_155.885170:26130-26567|-   -            146 20011                -            252    0.0054   13.5   0.1   1   1   1.2e-05    0.0071   13.1   0.1    40   108    15    81     6    93 0.84 NODE_21_length_41947_cov_155.885170_33 # 26130 # 26567 # -1 # ID=21_33;partial=00;start_type=ATG;rbs_motif=AGGAG;rbs_spacer=5-10bp;gc_cont=0.363
NODE_3_length_223274_cov_181.317177:151271-151708|+ -            146 20011                -            252    0.0054   13.5   0.1   1   1   1.2e-05    0.0071   13.1   0.1    40   108    15    81     6    93 0.84 NODE_3_length_223274_cov_181.317177_149 # 151271 # 151708 # 1 # ID=3_149;partial=00;start_type=ATG;rbs_motif=AGGAG;rbs_spacer=5-10bp;gc_cont=0.347
#
# Program:         hmmsearch
# Version:         3.4 (Aug 2023)
# Pipeline mode:   SEARCH
# Query file:      /sw/data/local/BUSCO_Data/v5/lineages/enterococcus_odb12/hmms/20011at1350.hmm
# Target file:     /home/dich3309/rnaseq-tnseq-enterococcus-analysis/analyses/03_assembly_evaluation/busco_manual_lineage/spades_scaffolds_enterococcus_odb12/prodigal_output/predicted_genes/predicted.faa
# Option settings: hmmsearch --domtblout /home/dich3309/rnaseq-tnseq-enterococcus-analysis/analyses/03_assembly_evaluation/busco_manual_lineage/spades_scaffolds_enterococcus_odb12/run_enterococcus_odb12/hmmer_output/20011at1350.out --cpu 1 /sw/data/local/BUSCO_Data/v5/lineages/enterococcus_odb12/hmms/20011at1350.hmm /home/dich3309/rnaseq-tnseq-enterococcus-analysis/analyses/03_assembly_evaluation/busco_manual_lineage/spades_scaffolds_enterococcus_odb12/prodigal_output/predicted_genes/predicted.faa 
# Current dir:     /gorilla/home/dich3309/rnaseq-tnseq-enterococcus-analysis/code
# Date:            Wed Apr 22 11:35:18 2026
# [ok]
