#                                                                                                          --- full sequence --- -------------- this domain -------------   hmm coord   ali coord   env coord
# target name                                      accession   tlen query name           accession   qlen   E-value  score  bias   #  of  c-Evalue  i-Evalue  score  bias  from    to  from    to  from    to  acc description of target
#                              ------------------- ---------- ----- -------------------- ---------- ----- --------- ------ ----- --- --- --------- --------- ------ ----- ----- ----- ----- ----- ----- ----- ---- ---------------------
NODE_6_length_183174_cov_88.861183:110201-111088|- -            296 21472                -            291  1.9e-169  559.8   1.8   1   1  4.2e-172  2.1e-169  559.6   1.8     1   289     1   289     1   291 0.99 NODE_6_length_183174_cov_88.861183_101 # 110201 # 111088 # -1 # ID=6_101;partial=00;start_type=ATG;rbs_motif=AGGAGG;rbs_spacer=5-10bp;gc_cont=0.395
NODE_6_length_183174_cov_88.861183:62898-64319|-   -            474 21472                -            291   1.1e-11   41.9   1.5   1   1   2.5e-13   1.3e-10   38.5   1.5     2   186     5   199     4   220 0.76 NODE_6_length_183174_cov_88.861183_58 # 62898 # 64319 # -1 # ID=6_58;partial=00;start_type=ATG;rbs_motif=AGGAGG;rbs_spacer=5-10bp;gc_cont=0.414
NODE_1_length_385945_cov_86.278628:373626-374528|+ -            301 21472                -            291   4.6e-11   39.9   0.3   1   1   2.5e-13   1.3e-10   38.5   0.3     1   211     1   214     1   231 0.84 NODE_1_length_385945_cov_86.278628_372 # 373626 # 374528 # 1 # ID=1_372;partial=00;start_type=ATG;rbs_motif=GGAGG;rbs_spacer=5-10bp;gc_cont=0.392
NODE_10_length_119333_cov_96.609128:6508-7314|-    -            269 21472                -            291     5e-08   30.0   0.1   1   1   1.5e-10   7.9e-08   29.3   0.1     1    98     1   107     1   162 0.82 NODE_10_length_119333_cov_96.609128_6 # 6508 # 7314 # -1 # ID=10_6;partial=00;start_type=ATG;rbs_motif=AGGAG;rbs_spacer=5-10bp;gc_cont=0.413
NODE_20_length_42062_cov_371.455566:39209-40177|+  -            323 21472                -            291     0.012   12.3   0.0   1   1   3.7e-05     0.019   11.6   0.0     1    38   147   184   147   209 0.89 NODE_20_length_42062_cov_371.455566_48 # 39209 # 40177 # 1 # ID=20_48;partial=00;start_type=ATG;rbs_motif=3Base/5BMM;rbs_spacer=13-15bp;gc_cont=0.446
NODE_20_length_42062_cov_371.455566:6786-7754|+    -            323 21472                -            291     0.012   12.3   0.0   1   1   3.7e-05     0.019   11.6   0.0     1    38   147   184   147   209 0.89 NODE_20_length_42062_cov_371.455566_8 # 6786 # 7754 # 1 # ID=20_8;partial=00;start_type=ATG;rbs_motif=3Base/5BMM;rbs_spacer=13-15bp;gc_cont=0.446
#
# Program:         hmmsearch
# Version:         3.4 (Aug 2023)
# Pipeline mode:   SEARCH
# Query file:      /sw/data/local/BUSCO_Data/v5/lineages/enterococcus_odb12/hmms/21472at1350.hmm
# Target file:     /home/dich3309/rnaseq-tnseq-enterococcus-analysis/analyses/03_assembly_evaluation/busco_manual_lineage/spades_scaffolds_enterococcus_odb12/prodigal_output/predicted_genes/predicted.faa
# Option settings: hmmsearch --domtblout /home/dich3309/rnaseq-tnseq-enterococcus-analysis/analyses/03_assembly_evaluation/busco_manual_lineage/spades_scaffolds_enterococcus_odb12/run_enterococcus_odb12/hmmer_output/21472at1350.out --cpu 1 /sw/data/local/BUSCO_Data/v5/lineages/enterococcus_odb12/hmms/21472at1350.hmm /home/dich3309/rnaseq-tnseq-enterococcus-analysis/analyses/03_assembly_evaluation/busco_manual_lineage/spades_scaffolds_enterococcus_odb12/prodigal_output/predicted_genes/predicted.faa 
# Current dir:     /gorilla/home/dich3309/rnaseq-tnseq-enterococcus-analysis/code
# Date:            Mon Apr 20 03:11:11 2026
# [ok]
