#                                                                                                          --- full sequence --- -------------- this domain -------------   hmm coord   ali coord   env coord
# target name                                      accession   tlen query name           accession   qlen   E-value  score  bias   #  of  c-Evalue  i-Evalue  score  bias  from    to  from    to  from    to  acc description of target
#                              ------------------- ---------- ----- -------------------- ---------- ----- --------- ------ ----- --- --- --------- --------- ------ ----- ----- ----- ----- ----- ----- ----- ---- ---------------------
NODE_16_length_62801_cov_61.371830:37486-38172|-   -            229 7733                 -            222  1.1e-148  490.1   0.1   1   1    2e-151  1.3e-148  489.9   0.1     1   222     1   228     1   228 0.98 NODE_16_length_62801_cov_61.371830_36 # 37486 # 38172 # -1 # ID=16_36;partial=00;start_type=ATG;rbs_motif=AGGAG;rbs_spacer=5-10bp;gc_cont=0.390
NODE_1_length_385945_cov_86.278628:312014-312682|+ -            223 7733                 -            222   1.7e-78  260.6   0.3   1   1   3.1e-81   1.9e-78  260.4   0.3     3   220     2   220     1   222 0.97 NODE_1_length_385945_cov_86.278628_313 # 312014 # 312682 # 1 # ID=1_313;partial=00;start_type=ATG;rbs_motif=GGAG/GAGG;rbs_spacer=5-10bp;gc_cont=0.393
NODE_2_length_304403_cov_65.784473:68823-69527|-   -            235 7733                 -            222   2.5e-10   37.7   0.0   1   1   4.9e-13     3e-10   37.4   0.0     4    96     6    97     3   186 0.92 NODE_2_length_304403_cov_65.784473_63 # 68823 # 69527 # -1 # ID=2_63;partial=00;start_type=ATG;rbs_motif=AGGAGG;rbs_spacer=5-10bp;gc_cont=0.399
NODE_4_length_193524_cov_77.069373:108716-109375|+ -            220 7733                 -            222   4.3e-08   30.4   0.0   1   2   3.6e-10   2.2e-07   28.0   0.0     3   109     2   106     1   121 0.87 NODE_4_length_193524_cov_77.069373_88 # 108716 # 109375 # 1 # ID=4_88;partial=00;start_type=ATG;rbs_motif=AGGAG;rbs_spacer=5-10bp;gc_cont=0.406
NODE_4_length_193524_cov_77.069373:108716-109375|+ -            220 7733                 -            222   4.3e-08   30.4   0.0   2   2      0.12        73    0.2   0.0   149   187   125   165   110   176 0.69 NODE_4_length_193524_cov_77.069373_88 # 108716 # 109375 # 1 # ID=4_88;partial=00;start_type=ATG;rbs_motif=AGGAG;rbs_spacer=5-10bp;gc_cont=0.406
NODE_27_length_28698_cov_57.404326:7457-7984|+     -            176 7733                 -            222   4.6e-07   27.0   0.0   1   1   1.5e-09     9e-07   26.1   0.0     5   100     3    95     1   102 0.92 NODE_27_length_28698_cov_57.404326_7 # 7457 # 7984 # 1 # ID=27_7;partial=00;start_type=ATG;rbs_motif=AGGAG;rbs_spacer=5-10bp;gc_cont=0.426
#
# Program:         hmmsearch
# Version:         3.4 (Aug 2023)
# Pipeline mode:   SEARCH
# Query file:      /sw/data/local/BUSCO_Data/v5/lineages/enterococcus_odb12/hmms/7733at1350.hmm
# Target file:     /home/dich3309/rnaseq-tnseq-enterococcus-analysis/analyses/03_assembly_evaluation/busco_manual_lineage/spades_scaffolds_enterococcus_odb12/prodigal_output/predicted_genes/predicted.faa
# Option settings: hmmsearch --domtblout /home/dich3309/rnaseq-tnseq-enterococcus-analysis/analyses/03_assembly_evaluation/busco_manual_lineage/spades_scaffolds_enterococcus_odb12/run_enterococcus_odb12/hmmer_output/7733at1350.out --cpu 1 /sw/data/local/BUSCO_Data/v5/lineages/enterococcus_odb12/hmms/7733at1350.hmm /home/dich3309/rnaseq-tnseq-enterococcus-analysis/analyses/03_assembly_evaluation/busco_manual_lineage/spades_scaffolds_enterococcus_odb12/prodigal_output/predicted_genes/predicted.faa 
# Current dir:     /gorilla/home/dich3309/rnaseq-tnseq-enterococcus-analysis/code
# Date:            Mon Apr 20 03:11:26 2026
# [ok]
