#                                                                                                          --- full sequence --- -------------- this domain -------------   hmm coord   ali coord   env coord
# target name                                      accession   tlen query name           accession   qlen   E-value  score  bias   #  of  c-Evalue  i-Evalue  score  bias  from    to  from    to  from    to  acc description of target
#                              ------------------- ---------- ----- -------------------- ---------- ----- --------- ------ ----- --- --- --------- --------- ------ ----- ----- ----- ----- ----- ----- ----- ---- ---------------------
NODE_5_length_185063_cov_65.589034:63930-66287|+   -            786 837                  -            785         0 1519.7  14.6   1   1         0         0 1519.5  14.6     1   783     1   785     1   785 0.98 NODE_5_length_185063_cov_65.589034_61 # 63930 # 66287 # 1 # ID=5_61;partial=00;start_type=ATG;rbs_motif=GGAG/GAGG;rbs_spacer=5-10bp;gc_cont=0.404
NODE_9_length_122393_cov_64.141746:44662-45891|+   -            410 837                  -            785     8e-08   28.3   3.6   1   2   5.4e-05     0.033    9.8   0.2   618   674   186   239   170   285 0.75 NODE_9_length_122393_cov_64.141746_39 # 44662 # 45891 # 1 # ID=9_39;partial=00;start_type=ATG;rbs_motif=AGGAGG;rbs_spacer=5-10bp;gc_cont=0.396
NODE_9_length_122393_cov_64.141746:44662-45891|+   -            410 837                  -            785     8e-08   28.3   3.6   2   2   7.8e-08   4.8e-05   19.1   0.4   637   733   288   373   284   408 0.81 NODE_9_length_122393_cov_64.141746_39 # 44662 # 45891 # 1 # ID=9_39;partial=00;start_type=ATG;rbs_motif=AGGAGG;rbs_spacer=5-10bp;gc_cont=0.396
NODE_10_length_119333_cov_96.609128:50806-51276|+  -            157 837                  -            785     8e-08   28.3   0.1   1   1   1.7e-10     1e-07   28.0   0.1   635   756     3   113     1   144 0.59 NODE_10_length_119333_cov_96.609128_45 # 50806 # 51276 # 1 # ID=10_45;partial=00;start_type=ATG;rbs_motif=AGGAGG;rbs_spacer=11-12bp;gc_cont=0.410
NODE_8_length_133129_cov_72.724935:21691-22071|-   -            127 837                  -            785   6.1e-07   25.4   0.2   1   1   1.2e-09   7.4e-07   25.1   0.2   633   737     1    94     1   126 0.79 NODE_8_length_133129_cov_72.724935_17 # 21691 # 22071 # -1 # ID=8_17;partial=00;start_type=ATG;rbs_motif=GGAG/GAGG;rbs_spacer=5-10bp;gc_cont=0.346
NODE_11_length_113754_cov_100.754285:28375-30501|- -            709 837                  -            785   1.1e-05   21.2   1.5   1   1   2.8e-08   1.8e-05   20.6   1.5   618   704   604   692   592   700 0.84 NODE_11_length_113754_cov_100.754285_26 # 28375 # 30501 # -1 # ID=11_26;partial=00;start_type=ATG;rbs_motif=AGGAG;rbs_spacer=5-10bp;gc_cont=0.417
#
# Program:         hmmsearch
# Version:         3.4 (Aug 2023)
# Pipeline mode:   SEARCH
# Query file:      /sw/data/local/BUSCO_Data/v5/lineages/enterococcus_odb12/hmms/837at1350.hmm
# Target file:     /home/dich3309/rnaseq-tnseq-enterococcus-analysis/analyses/03_assembly_evaluation/busco_manual_lineage/spades_scaffolds_enterococcus_odb12/prodigal_output/predicted_genes/predicted.faa
# Option settings: hmmsearch --domtblout /home/dich3309/rnaseq-tnseq-enterococcus-analysis/analyses/03_assembly_evaluation/busco_manual_lineage/spades_scaffolds_enterococcus_odb12/run_enterococcus_odb12/hmmer_output/837at1350.out --cpu 1 /sw/data/local/BUSCO_Data/v5/lineages/enterococcus_odb12/hmms/837at1350.hmm /home/dich3309/rnaseq-tnseq-enterococcus-analysis/analyses/03_assembly_evaluation/busco_manual_lineage/spades_scaffolds_enterococcus_odb12/prodigal_output/predicted_genes/predicted.faa 
# Current dir:     /gorilla/home/dich3309/rnaseq-tnseq-enterococcus-analysis/code
# Date:            Wed Apr 22 11:35:44 2026
# [ok]
