#                                                                                     --- full sequence --- -------------- this domain -------------   hmm coord   ali coord   env coord
# target name                 accession   tlen query name           accession   qlen   E-value  score  bias   #  of  c-Evalue  i-Evalue  score  bias  from    to  from    to  from    to  acc description of target
#         ------------------- ---------- ----- -------------------- ---------- ----- --------- ------ ----- --- --- --------- --------- ------ ----- ----- ----- ----- ----- ----- ----- ---- ---------------------
tig00000001:604245-605213|+   -            323 20235                -            310    3e-147  487.4   0.0   1   1  6.4e-150  3.3e-147  487.3   0.0     1   310     1   319     1   319 0.96 tig00000001_562 # 604245 # 605213 # 1 # ID=1_562;partial=00;start_type=ATG;rbs_motif=AGGAG;rbs_spacer=5-10bp;gc_cont=0.424
tig00000001:2175040-2175792|+ -            251 20235                -            310    0.0001   19.3   0.7   1   1   3.1e-07   0.00016   18.6   0.7     4    94     7   100     4   115 0.80 tig00000001_2106 # 2175040 # 2175792 # 1 # ID=1_2106;partial=00;start_type=ATG;rbs_motif=AGGA/GGAG/GAGG;rbs_spacer=11-12bp;gc_cont=0.384
tig00000002:96492-97226|-     -            245 20235                -            310   0.00031   17.7   0.0   1   1   8.9e-07   0.00047   17.1   0.0    11    54    27    70    17    98 0.83 tig00000002_98 # 96492 # 97226 # -1 # ID=2_98;partial=00;start_type=ATG;rbs_motif=AGGAG;rbs_spacer=5-10bp;gc_cont=0.390
tig00000001:2759391-2760161|+ -            257 20235                -            310   0.00053   16.9   0.1   1   1   1.5e-06   0.00079   16.3   0.1     4    71    12    80     9   113 0.80 tig00000001_2677 # 2759391 # 2760161 # 1 # ID=1_2677;partial=00;start_type=ATG;rbs_motif=AGGAGG;rbs_spacer=5-10bp;gc_cont=0.340
tig00000001:809887-810408|+   -            174 20235                -            310    0.0014   15.5   0.1   1   1   3.3e-06    0.0017   15.2   0.1     4    67     8    71     5   103 0.78 tig00000001_759 # 809887 # 810408 # 1 # ID=1_759;partial=00;start_type=GTG;rbs_motif=AGGAGG;rbs_spacer=5-10bp;gc_cont=0.412
tig00000001:680873-681658|-   -            262 20235                -            310     0.003   14.5   0.2   1   1   9.8e-06    0.0051   13.7   0.2     7    83    10    84     1   108 0.69 tig00000001_624 # 680873 # 681658 # -1 # ID=1_624;partial=00;start_type=ATG;rbs_motif=GGAG/GAGG;rbs_spacer=5-10bp;gc_cont=0.385
#
# Program:         hmmsearch
# Version:         3.4 (Aug 2023)
# Pipeline mode:   SEARCH
# Query file:      /sw/data/local/BUSCO_Data/v5/lineages/enterococcus_odb12/hmms/20235at1350.hmm
# Target file:     /home/dich3309/rnaseq-tnseq-enterococcus-analysis/analyses/03_assembly_evaluation/busco_manual_lineage/canu_pacbio_enterococcus_odb12/prodigal_output/predicted_genes/predicted.faa
# Option settings: hmmsearch --domtblout /home/dich3309/rnaseq-tnseq-enterococcus-analysis/analyses/03_assembly_evaluation/busco_manual_lineage/canu_pacbio_enterococcus_odb12/run_enterococcus_odb12/hmmer_output/20235at1350.out --cpu 1 /sw/data/local/BUSCO_Data/v5/lineages/enterococcus_odb12/hmms/20235at1350.hmm /home/dich3309/rnaseq-tnseq-enterococcus-analysis/analyses/03_assembly_evaluation/busco_manual_lineage/canu_pacbio_enterococcus_odb12/prodigal_output/predicted_genes/predicted.faa 
# Current dir:     /gorilla/home/dich3309/rnaseq-tnseq-enterococcus-analysis/code
# Date:            Mon Apr 20 03:09:53 2026
# [ok]
