#                                                                                     --- full sequence --- -------------- this domain -------------   hmm coord   ali coord   env coord
# target name                 accession   tlen query name           accession   qlen   E-value  score  bias   #  of  c-Evalue  i-Evalue  score  bias  from    to  from    to  from    to  acc description of target
#         ------------------- ---------- ----- -------------------- ---------- ----- --------- ------ ----- --- --- --------- --------- ------ ----- ----- ----- ----- ----- ----- ----- ---- ---------------------
tig00000001:2532696-2534969|- -            758 24572                -            633  2.8e-220  730.2   7.6   1   1  6.2e-223  3.9e-220  729.8   7.6     2   627    83   746    82   750 0.90 tig00000001_2458 # 2532696 # 2534969 # -1 # ID=1_2458;partial=00;start_type=ATG;rbs_motif=GGA/GAG/AGG;rbs_spacer=5-10bp;gc_cont=0.376
tig00000001:1567880-1568560|+ -            227 24572                -            633   0.00057   15.7   0.3   1   2   1.7e-06    0.0011   14.8   0.2   442   466    42    66    27    79 0.85 tig00000001_1501 # 1567880 # 1568560 # 1 # ID=1_1501;partial=00;start_type=ATG;rbs_motif=GGAG/GAGG;rbs_spacer=5-10bp;gc_cont=0.404
tig00000001:1567880-1568560|+ -            227 24572                -            633   0.00057   15.7   0.3   2   2      0.38   2.4e+02   -2.9   0.0   450   480   141   171   134   194 0.75 tig00000001_1501 # 1567880 # 1568560 # 1 # ID=1_1501;partial=00;start_type=ATG;rbs_motif=GGAG/GAGG;rbs_spacer=5-10bp;gc_cont=0.404
tig00000001:1615226-1616905|- -            560 24572                -            633     0.002   13.9   0.2   1   1   4.5e-06    0.0028   13.4   0.2   438   501    64   129    28   167 0.76 tig00000001_1545 # 1615226 # 1616905 # -1 # ID=1_1545;partial=00;start_type=ATG;rbs_motif=GGAG/GAGG;rbs_spacer=5-10bp;gc_cont=0.424
tig00000002:208420-208680|+   -             87 24572                -            633    0.0094   11.6   0.1   1   1   1.7e-05     0.011   11.5   0.1   436   461    51    76    36    80 0.89 tig00000002_207 # 208420 # 208680 # 1 # ID=2_207;partial=00;start_type=GTG;rbs_motif=AGGAG;rbs_spacer=5-10bp;gc_cont=0.360
tig00000001:1565376-1567055|+ -            560 24572                -            633     0.019   10.7   0.1   1   1   4.3e-05     0.027   10.1   0.1   437   468    57    88    49   168 0.65 tig00000001_1499 # 1565376 # 1567055 # 1 # ID=1_1499;partial=00;start_type=GTG;rbs_motif=GGAG/GAGG;rbs_spacer=5-10bp;gc_cont=0.400
#
# Program:         hmmsearch
# Version:         3.4 (Aug 2023)
# Pipeline mode:   SEARCH
# Query file:      /sw/data/local/BUSCO_Data/v5/lineages/enterococcus_odb12/hmms/24572at1350.hmm
# Target file:     /home/dich3309/rnaseq-tnseq-enterococcus-analysis/analyses/03_assembly_evaluation/busco_manual_lineage/canu_pacbio_enterococcus_odb12/prodigal_output/predicted_genes/predicted.faa
# Option settings: hmmsearch --domtblout /home/dich3309/rnaseq-tnseq-enterococcus-analysis/analyses/03_assembly_evaluation/busco_manual_lineage/canu_pacbio_enterococcus_odb12/run_enterococcus_odb12/hmmer_output/24572at1350.out --cpu 1 /sw/data/local/BUSCO_Data/v5/lineages/enterococcus_odb12/hmms/24572at1350.hmm /home/dich3309/rnaseq-tnseq-enterococcus-analysis/analyses/03_assembly_evaluation/busco_manual_lineage/canu_pacbio_enterococcus_odb12/prodigal_output/predicted_genes/predicted.faa 
# Current dir:     /gorilla/home/dich3309/rnaseq-tnseq-enterococcus-analysis/code
# Date:            Mon Apr 20 03:10:27 2026
# [ok]
