#                                                                                     --- full sequence --- -------------- this domain -------------   hmm coord   ali coord   env coord
# target name                 accession   tlen query name           accession   qlen   E-value  score  bias   #  of  c-Evalue  i-Evalue  score  bias  from    to  from    to  from    to  acc description of target
#         ------------------- ---------- ----- -------------------- ---------- ----- --------- ------ ----- --- --- --------- --------- ------ ----- ----- ----- ----- ----- ----- ----- ---- ---------------------
tig00000001:283522-284451|-   -            310 23045                -            306    6e-138  456.4   0.6   1   1  1.3e-140  6.6e-138  456.3   0.6     1   303     1   306     1   309 0.97 tig00000001_299 # 283522 # 284451 # -1 # ID=1_299;partial=00;start_type=ATG;rbs_motif=GGAGG;rbs_spacer=5-10bp;gc_cont=0.389
tig00000009:3671-4186|+       -            172 23045                -            306     2e-08   31.1   0.0   1   1   5.8e-11     3e-08   30.5   0.0   188   254     9    74     2    85 0.88 tig00000009_7 # 3671 # 4186 # 1 # ID=8_7;partial=00;start_type=TTG;rbs_motif=3Base/5BMM;rbs_spacer=13-15bp;gc_cont=0.339
tig00000001:382654-384423|-   -            590 23045                -            306   0.00035   17.1   0.1   1   2    0.0073       3.8    3.9   0.1    87   138   102   150    93   167 0.86 tig00000001_370 # 382654 # 384423 # -1 # ID=1_370;partial=00;start_type=ATG;rbs_motif=GGAGG;rbs_spacer=5-10bp;gc_cont=0.385
tig00000001:382654-384423|-   -            590 23045                -            306   0.00035   17.1   0.1   2   2   7.2e-05     0.038   10.5   0.0   125   155   368   398   354   417 0.81 tig00000001_370 # 382654 # 384423 # -1 # ID=1_370;partial=00;start_type=ATG;rbs_motif=GGAGG;rbs_spacer=5-10bp;gc_cont=0.385
tig00000001:2619113-2619805|- -            231 23045                -            306    0.0071   12.8   0.0   1   1   2.1e-05     0.011   12.2   0.0   108   150     5    47     2    57 0.87 tig00000001_2541 # 2619113 # 2619805 # -1 # ID=1_2541;partial=00;start_type=GTG;rbs_motif=AGGAGG;rbs_spacer=5-10bp;gc_cont=0.395
tig00000001:2171048-2171518|+ -            157 23045                -            306     0.013   12.0   0.0   1   1   3.3e-05     0.017   11.5   0.0   100   158    83   136    68   153 0.63 tig00000001_2100 # 2171048 # 2171518 # 1 # ID=1_2100;partial=00;start_type=ATG;rbs_motif=GGA/GAG/AGG;rbs_spacer=5-10bp;gc_cont=0.397
tig00000001:2350391-2350939|- -            183 23045                -            306     0.019   11.4   0.0   1   1   6.2e-05     0.032   10.7   0.0   136   163     5    31     2    45 0.84 tig00000001_2284 # 2350391 # 2350939 # -1 # ID=1_2284;partial=00;start_type=ATG;rbs_motif=AGGAG;rbs_spacer=5-10bp;gc_cont=0.377
#
# Program:         hmmsearch
# Version:         3.4 (Aug 2023)
# Pipeline mode:   SEARCH
# Query file:      /sw/data/local/BUSCO_Data/v5/lineages/enterococcus_odb12/hmms/23045at1350.hmm
# Target file:     /home/dich3309/rnaseq-tnseq-enterococcus-analysis/analyses/03_assembly_evaluation/busco_enterococcus_odb12/canu_pacbio_enterococcus_odb12/prodigal_output/predicted_genes/predicted.faa
# Option settings: hmmsearch --domtblout /home/dich3309/rnaseq-tnseq-enterococcus-analysis/analyses/03_assembly_evaluation/busco_enterococcus_odb12/canu_pacbio_enterococcus_odb12/run_enterococcus_odb12/hmmer_output/23045at1350.out --cpu 1 /sw/data/local/BUSCO_Data/v5/lineages/enterococcus_odb12/hmms/23045at1350.hmm /home/dich3309/rnaseq-tnseq-enterococcus-analysis/analyses/03_assembly_evaluation/busco_enterococcus_odb12/canu_pacbio_enterococcus_odb12/prodigal_output/predicted_genes/predicted.faa 
# Current dir:     /gorilla/home/dich3309/rnaseq-tnseq-enterococcus-analysis/code
# Date:            Tue Apr 28 22:09:45 2026
# [ok]
