#                                                                                                         --- full sequence --- -------------- this domain -------------   hmm coord   ali coord   env coord
# target name                                     accession   tlen query name           accession   qlen   E-value  score  bias   #  of  c-Evalue  i-Evalue  score  bias  from    to  from    to  from    to  acc description of target
#                             ------------------- ---------- ----- -------------------- ---------- ----- --------- ------ ----- --- --- --------- --------- ------ ----- ----- ----- ----- ----- ----- ----- ---- ---------------------
NODE_6_length_133129_cov_71.626923:31248-31583|-  -            112 16169                -            111   5.8e-54  178.4   9.9   1   1   6.1e-57   6.4e-54  178.3   9.9     1   111     1   111     1   111 1.00 NODE_6_length_133129_cov_71.626923_29 # 31248 # 31583 # -1 # ID=6_29;partial=00;start_type=ATG;rbs_motif=AGGAG;rbs_spacer=5-10bp;gc_cont=0.348
NODE_2_length_252901_cov_71.242866:34078-35034|-  -            319 16169                -            111    0.0082   13.7   4.8   1   2      0.03        31    2.2   0.1     1    33     1    34     1    58 0.72 NODE_2_length_252901_cov_71.242866_40 # 34078 # 35034 # -1 # ID=2_40;partial=00;start_type=ATG;rbs_motif=AGGAGG;rbs_spacer=5-10bp;gc_cont=0.411
NODE_2_length_252901_cov_71.242866:34078-35034|-  -            319 16169                -            111    0.0082   13.7   4.8   2   2   1.8e-05     0.019   12.5   1.1    65   105   156   196   146   202 0.88 NODE_2_length_252901_cov_71.242866_40 # 34078 # 35034 # -1 # ID=2_40;partial=00;start_type=ATG;rbs_motif=AGGAGG;rbs_spacer=5-10bp;gc_cont=0.411
NODE_7_length_127392_cov_103.596228:30586-32034|- -            483 16169                -            111     0.037   11.6   2.5   1   3      0.13   1.4e+02    0.1   0.0    81   106    38    63    28    67 0.83 NODE_7_length_127392_cov_103.596228_36 # 30586 # 32034 # -1 # ID=7_36;partial=00;start_type=ATG;rbs_motif=None;rbs_spacer=None;gc_cont=0.369
NODE_7_length_127392_cov_103.596228:30586-32034|- -            483 16169                -            111     0.037   11.6   2.5   2   3      0.14   1.5e+02    0.0   0.1    20    85   184   249   171   269 0.55 NODE_7_length_127392_cov_103.596228_36 # 30586 # 32034 # -1 # ID=7_36;partial=00;start_type=ATG;rbs_motif=None;rbs_spacer=None;gc_cont=0.369
NODE_7_length_127392_cov_103.596228:30586-32034|- -            483 16169                -            111     0.037   11.6   2.5   3   3   0.00045      0.47    8.1   0.1    36    65   316   345   302   350 0.80 NODE_7_length_127392_cov_103.596228_36 # 30586 # 32034 # -1 # ID=7_36;partial=00;start_type=ATG;rbs_motif=None;rbs_spacer=None;gc_cont=0.369
#
# Program:         hmmsearch
# Version:         3.4 (Aug 2023)
# Pipeline mode:   SEARCH
# Query file:      /sw/data/local/BUSCO_Data/v5/lineages/enterococcus_odb12/hmms/16169at1350.hmm
# Target file:     /home/dich3309/rnaseq-tnseq-enterococcus-analysis/analyses/03_assembly_evaluation/busco_manual_lineage/spades_scaffolds_isolate_enterococcus_odb12/prodigal_output/predicted_genes/predicted.faa
# Option settings: hmmsearch --domtblout /home/dich3309/rnaseq-tnseq-enterococcus-analysis/analyses/03_assembly_evaluation/busco_manual_lineage/spades_scaffolds_isolate_enterococcus_odb12/run_enterococcus_odb12/hmmer_output/16169at1350.out --cpu 1 /sw/data/local/BUSCO_Data/v5/lineages/enterococcus_odb12/hmms/16169at1350.hmm /home/dich3309/rnaseq-tnseq-enterococcus-analysis/analyses/03_assembly_evaluation/busco_manual_lineage/spades_scaffolds_isolate_enterococcus_odb12/prodigal_output/predicted_genes/predicted.faa 
# Current dir:     /gorilla/home/dich3309/rnaseq-tnseq-enterococcus-analysis/code
# Date:            Wed Apr 22 11:42:16 2026
# [ok]
