#                                                                                                          --- full sequence --- -------------- this domain -------------   hmm coord   ali coord   env coord
# target name                                      accession   tlen query name           accession   qlen   E-value  score  bias   #  of  c-Evalue  i-Evalue  score  bias  from    to  from    to  from    to  acc description of target
#                              ------------------- ---------- ----- -------------------- ---------- ----- --------- ------ ----- --- --- --------- --------- ------ ----- ----- ----- ----- ----- ----- ----- ---- ---------------------
NODE_11_length_94214_cov_54.858857:74362-75375|+   -            338 17046                -            332  3.4e-188  622.2   1.3   1   1  7.4e-191  3.9e-188  622.0   1.3     1   332     1   334     1   334 0.99 NODE_11_length_94214_cov_54.858857_75 # 74362 # 75375 # 1 # ID=11_75;partial=00;start_type=ATG;rbs_motif=AGxAGG/AGGxGG;rbs_spacer=5-10bp;gc_cont=0.371
NODE_1_length_304474_cov_63.252055:41-988|-        -            316 17046                -            332   3.4e-25   86.4   1.7   1   1   1.6e-27   8.3e-25   85.1   1.7     4   291     6   287     3   311 0.83 NODE_1_length_304474_cov_63.252055_1 # 41 # 988 # -1 # ID=1_1;partial=00;start_type=ATG;rbs_motif=AGGAG;rbs_spacer=5-10bp;gc_cont=0.417
NODE_1_length_304474_cov_63.252055:204982-206013|- -            344 17046                -            332   1.9e-14   51.0   0.1   1   1     1e-16   5.3e-14   49.6   0.1    43   203    41   196     6   227 0.74 NODE_1_length_304474_cov_63.252055_194 # 204982 # 206013 # -1 # ID=1_194;partial=00;start_type=ATG;rbs_motif=AGGAGG;rbs_spacer=5-10bp;gc_cont=0.355
NODE_24_length_39856_cov_62.007358:31089-32114|+   -            342 17046                -            332     4e-11   40.1   0.4   1   1   2.7e-13   1.4e-10   38.3   0.4     1   207     1   207     1   213 0.78 NODE_24_length_39856_cov_62.007358_23 # 31089 # 32114 # 1 # ID=24_23;partial=00;start_type=ATG;rbs_motif=AGGAGG;rbs_spacer=5-10bp;gc_cont=0.433
NODE_43_length_10293_cov_51.372417:917-1837|+      -            307 17046                -            332   1.3e-09   35.1   0.1   1   1   4.1e-12   2.1e-09   34.4   0.1     2   117     1   116     1   136 0.92 NODE_43_length_10293_cov_51.372417_2 # 917 # 1837 # 1 # ID=43_2;partial=00;start_type=ATG;rbs_motif=AGGAGG;rbs_spacer=5-10bp;gc_cont=0.351
NODE_1_length_304474_cov_63.252055:8212-9504|+     -            431 17046                -            332    0.0028   14.3   0.0   1   1   8.7e-06    0.0046   13.6   0.0    40   113    51   124    27   158 0.84 NODE_1_length_304474_cov_63.252055_10 # 8212 # 9504 # 1 # ID=1_10;partial=00;start_type=ATG;rbs_motif=AGGAG/GGAGG;rbs_spacer=11-12bp;gc_cont=0.408
#
# Program:         hmmsearch
# Version:         3.4 (Aug 2023)
# Pipeline mode:   SEARCH
# Query file:      /sw/data/local/BUSCO_Data/v5/lineages/enterococcus_odb12/hmms/17046at1350.hmm
# Target file:     /home/dich3309/rnaseq-tnseq-enterococcus-analysis/analyses/03_assembly_evaluation/busco_manual_lineage/spades_scaffolds_isolate_enterococcus_odb12/prodigal_output/predicted_genes/predicted.faa
# Option settings: hmmsearch --domtblout /home/dich3309/rnaseq-tnseq-enterococcus-analysis/analyses/03_assembly_evaluation/busco_manual_lineage/spades_scaffolds_isolate_enterococcus_odb12/run_enterococcus_odb12/hmmer_output/17046at1350.out --cpu 1 /sw/data/local/BUSCO_Data/v5/lineages/enterococcus_odb12/hmms/17046at1350.hmm /home/dich3309/rnaseq-tnseq-enterococcus-analysis/analyses/03_assembly_evaluation/busco_manual_lineage/spades_scaffolds_isolate_enterococcus_odb12/prodigal_output/predicted_genes/predicted.faa 
# Current dir:     /gorilla/home/dich3309/rnaseq-tnseq-enterococcus-analysis/code
# Date:            Wed Apr 22 11:42:21 2026
# [ok]
