#                                                                                                        --- full sequence --- -------------- this domain -------------   hmm coord   ali coord   env coord
# target name                                    accession   tlen query name           accession   qlen   E-value  score  bias   #  of  c-Evalue  i-Evalue  score  bias  from    to  from    to  from    to  acc description of target
#                            ------------------- ---------- ----- -------------------- ---------- ----- --------- ------ ----- --- --- --------- --------- ------ ----- ----- ----- ----- ----- ----- ----- ---- ---------------------
NODE_35_length_20136_cov_58.418942:4199-5335|+   -            379 20492                -            380  2.5e-215  712.2   0.6   1   1  5.4e-218  2.8e-215  712.0   0.6     1   378     1   378     1   378 1.00 NODE_35_length_20136_cov_58.418942_4 # 4199 # 5335 # 1 # ID=35_4;partial=00;start_type=GTG;rbs_motif=GGA/GAG/AGG;rbs_spacer=5-10bp;gc_cont=0.412
NODE_6_length_133129_cov_71.626923:1513-2655|-   -            381 20492                -            380   1.2e-98  328.1   0.1   1   1  2.8e-101   1.4e-98  327.8   0.1     3   376     1   373     1   377 0.95 NODE_6_length_133129_cov_71.626923_2 # 1513 # 2655 # -1 # ID=6_2;partial=00;start_type=ATG;rbs_motif=GGAG/GAGG;rbs_spacer=5-10bp;gc_cont=0.394
NODE_19_length_58687_cov_59.880605:9417-10652|+  -            412 20492                -            380   8.8e-33  111.3   0.1   1   1   6.1e-35   3.2e-32  109.5   0.1     4   328    24   367    22   404 0.88 NODE_19_length_58687_cov_59.880605_11 # 9417 # 10652 # 1 # ID=19_11;partial=00;start_type=ATG;rbs_motif=GGA/GAG/AGG;rbs_spacer=5-10bp;gc_cont=0.441
NODE_2_length_252901_cov_71.242866:58625-59716|- -            364 20492                -            380   1.1e-06   25.4   0.0   1   1   3.2e-09   1.7e-06   24.8   0.0   117   215   103   204    91   213 0.76 NODE_2_length_252901_cov_71.242866_66 # 58625 # 59716 # -1 # ID=2_66;partial=00;start_type=ATG;rbs_motif=AGGA;rbs_spacer=5-10bp;gc_cont=0.394
NODE_6_length_133129_cov_71.626923:49255-49869|- -            205 20492                -            380    0.0013   15.3   0.0   1   1     3e-06    0.0016   15.0   0.0    45   129    77   161    69   181 0.83 NODE_6_length_133129_cov_71.626923_45 # 49255 # 49869 # -1 # ID=6_45;partial=00;start_type=ATG;rbs_motif=AGxAGG/AGGxGG;rbs_spacer=5-10bp;gc_cont=0.402
NODE_35_length_20136_cov_58.418942:11316-12434|+ -            373 20492                -            380     0.004   13.7   0.0   1   1   1.1e-05    0.0056   13.2   0.0    87   180   101   196    64   221 0.70 NODE_35_length_20136_cov_58.418942_10 # 11316 # 12434 # 1 # ID=35_10;partial=00;start_type=ATG;rbs_motif=AGxAGG/AGGxGG;rbs_spacer=5-10bp;gc_cont=0.390
#
# Program:         hmmsearch
# Version:         3.4 (Aug 2023)
# Pipeline mode:   SEARCH
# Query file:      /sw/data/local/BUSCO_Data/v5/lineages/enterococcus_odb12/hmms/20492at1350.hmm
# Target file:     /home/dich3309/rnaseq-tnseq-enterococcus-analysis/analyses/03_assembly_evaluation/busco_manual_lineage/spades_scaffolds_isolate_enterococcus_odb12/prodigal_output/predicted_genes/predicted.faa
# Option settings: hmmsearch --domtblout /home/dich3309/rnaseq-tnseq-enterococcus-analysis/analyses/03_assembly_evaluation/busco_manual_lineage/spades_scaffolds_isolate_enterococcus_odb12/run_enterococcus_odb12/hmmer_output/20492at1350.out --cpu 1 /sw/data/local/BUSCO_Data/v5/lineages/enterococcus_odb12/hmms/20492at1350.hmm /home/dich3309/rnaseq-tnseq-enterococcus-analysis/analyses/03_assembly_evaluation/busco_manual_lineage/spades_scaffolds_isolate_enterococcus_odb12/prodigal_output/predicted_genes/predicted.faa 
# Current dir:     /gorilla/home/dich3309/rnaseq-tnseq-enterococcus-analysis/code
# Date:            Wed Apr 22 11:42:40 2026
# [ok]
