#                                                                                                          --- full sequence --- -------------- this domain -------------   hmm coord   ali coord   env coord
# target name                                      accession   tlen query name           accession   qlen   E-value  score  bias   #  of  c-Evalue  i-Evalue  score  bias  from    to  from    to  from    to  acc description of target
#                              ------------------- ---------- ----- -------------------- ---------- ----- --------- ------ ----- --- --- --------- --------- ------ ----- ----- ----- ----- ----- ----- ----- ---- ---------------------
NODE_11_length_94214_cov_54.858857:3647-5392|+     -            582 21784                -            586         0 1030.0  10.9   1   1         0         0 1029.7  10.9     1   585     1   579     1   580 0.98 NODE_11_length_94214_cov_54.858857_4 # 3647 # 5392 # 1 # ID=11_4;partial=00;start_type=ATG;rbs_motif=AGxAGG/AGGxGG;rbs_spacer=5-10bp;gc_cont=0.419
NODE_11_length_94214_cov_54.858857:7413-8351|+     -            313 21784                -            586   1.5e-27   93.6   0.0   1   1   4.9e-30   3.1e-27   92.6   0.0    21   189    11   180     3   198 0.94 NODE_11_length_94214_cov_54.858857_9 # 7413 # 8351 # 1 # ID=11_9;partial=00;start_type=ATG;rbs_motif=AGGAGG;rbs_spacer=5-10bp;gc_cont=0.388
NODE_3_length_193524_cov_75.578528:124775-126061|+ -            429 21784                -            586   2.6e-14   49.9   0.1   1   2   1.8e-05     0.011   11.5   0.0     7    63     7    64     1    72 0.75 NODE_3_length_193524_cov_75.578528_146 # 124775 # 126061 # 1 # ID=3_146;partial=00;start_type=ATG;rbs_motif=AGGAGG;rbs_spacer=5-10bp;gc_cont=0.445
NODE_3_length_193524_cov_75.578528:124775-126061|+ -            429 21784                -            586   2.6e-14   49.9   0.1   2   2   6.5e-13   4.1e-10   36.0   0.1   122   278    94   273    71   286 0.71 NODE_3_length_193524_cov_75.578528_146 # 124775 # 126061 # 1 # ID=3_146;partial=00;start_type=ATG;rbs_motif=AGGAGG;rbs_spacer=5-10bp;gc_cont=0.445
NODE_47_length_6820_cov_99.265360:430-1074|+       -            215 21784                -            586    0.0099   11.7   9.6   1   1   2.1e-05     0.013   11.3   9.6   355   437    38   118    27   136 0.76 NODE_47_length_6820_cov_99.265360_2 # 430 # 1074 # 1 # ID=47_2;partial=00;start_type=ATG;rbs_motif=AGGAG;rbs_spacer=5-10bp;gc_cont=0.358
NODE_95_length_135_cov_114.460784:1-135|+          -             45 21784                -            586     0.036    9.8   5.7   1   1   5.5e-05     0.035    9.9   5.7   368   407     5    44     1    45 0.85 NODE_95_length_135_cov_114.460784_1 # 1 # 135 # 1 # ID=95_1;partial=11;start_type=Edge;rbs_motif=None;rbs_spacer=None;gc_cont=0.400
#
# Program:         hmmsearch
# Version:         3.4 (Aug 2023)
# Pipeline mode:   SEARCH
# Query file:      /sw/data/local/BUSCO_Data/v5/lineages/enterococcus_odb12/hmms/21784at1350.hmm
# Target file:     /home/dich3309/rnaseq-tnseq-enterococcus-analysis/analyses/03_assembly_evaluation/busco_manual_lineage/spades_scaffolds_isolate_enterococcus_odb12/prodigal_output/predicted_genes/predicted.faa
# Option settings: hmmsearch --domtblout /home/dich3309/rnaseq-tnseq-enterococcus-analysis/analyses/03_assembly_evaluation/busco_manual_lineage/spades_scaffolds_isolate_enterococcus_odb12/run_enterococcus_odb12/hmmer_output/21784at1350.out --cpu 1 /sw/data/local/BUSCO_Data/v5/lineages/enterococcus_odb12/hmms/21784at1350.hmm /home/dich3309/rnaseq-tnseq-enterococcus-analysis/analyses/03_assembly_evaluation/busco_manual_lineage/spades_scaffolds_isolate_enterococcus_odb12/prodigal_output/predicted_genes/predicted.faa 
# Current dir:     /gorilla/home/dich3309/rnaseq-tnseq-enterococcus-analysis/code
# Date:            Wed Apr 22 11:42:46 2026
# [ok]
