#                                                                                                          --- full sequence --- -------------- this domain -------------   hmm coord   ali coord   env coord
# target name                                      accession   tlen query name           accession   qlen   E-value  score  bias   #  of  c-Evalue  i-Evalue  score  bias  from    to  from    to  from    to  acc description of target
#                              ------------------- ---------- ----- -------------------- ---------- ----- --------- ------ ----- --- --- --------- --------- ------ ----- ----- ----- ----- ----- ----- ----- ---- ---------------------
NODE_18_length_59342_cov_60.374412:53476-55587|+   -            704 22097                -            693         0 1495.2  16.8   1   1         0         0 1494.9  16.8     1   690     2   692     2   696 0.98 NODE_18_length_59342_cov_60.374412_48 # 53476 # 55587 # 1 # ID=18_48;partial=00;start_type=ATG;rbs_motif=GGAGG;rbs_spacer=5-10bp;gc_cont=0.424
NODE_9_length_122393_cov_61.758630:46093-47493|-   -            467 22097                -            693   1.8e-05   20.4   0.0   1   2   2.6e-07   0.00017   17.2   0.0   220   276    52   110    32   167 0.77 NODE_9_length_122393_cov_61.758630_48 # 46093 # 47493 # -1 # ID=9_48;partial=00;start_type=ATG;rbs_motif=GGAG/GAGG;rbs_spacer=5-10bp;gc_cont=0.385
NODE_9_length_122393_cov_61.758630:46093-47493|-   -            467 22097                -            693   1.8e-05   20.4   0.0   2   2     0.025        16    0.8   0.0   279   294   273   288   253   320 0.73 NODE_9_length_122393_cov_61.758630_48 # 46093 # 47493 # -1 # ID=9_48;partial=00;start_type=ATG;rbs_motif=GGAG/GAGG;rbs_spacer=5-10bp;gc_cont=0.385
NODE_2_length_252901_cov_71.242866:133414-134664|+ -            417 22097                -            693   3.8e-05   19.4   0.0   1   1   9.6e-08   6.1e-05   18.7   0.0   223   295   114   192   105   213 0.84 NODE_2_length_252901_cov_71.242866_130 # 133414 # 134664 # 1 # ID=2_130;partial=00;start_type=ATG;rbs_motif=GGA/GAG/AGG;rbs_spacer=5-10bp;gc_cont=0.396
NODE_3_length_193524_cov_75.578528:124775-126061|+ -            429 22097                -            693   0.00015   17.4   0.0   1   1   3.7e-07   0.00023   16.7   0.0   211   250    32    69    18   104 0.85 NODE_3_length_193524_cov_75.578528_146 # 124775 # 126061 # 1 # ID=3_146;partial=00;start_type=ATG;rbs_motif=AGGAGG;rbs_spacer=5-10bp;gc_cont=0.445
NODE_10_length_113754_cov_99.095655:44530-45531|-  -            334 22097                -            693     0.008   11.7   0.0   1   1   1.8e-05     0.011   11.2   0.0   222   254    56    88    42   119 0.89 NODE_10_length_113754_cov_99.095655_43 # 44530 # 45531 # -1 # ID=10_43;partial=00;start_type=ATG;rbs_motif=AGGAGG;rbs_spacer=5-10bp;gc_cont=0.439
#
# Program:         hmmsearch
# Version:         3.4 (Aug 2023)
# Pipeline mode:   SEARCH
# Query file:      /sw/data/local/BUSCO_Data/v5/lineages/enterococcus_odb12/hmms/22097at1350.hmm
# Target file:     /home/dich3309/rnaseq-tnseq-enterococcus-analysis/analyses/03_assembly_evaluation/busco_manual_lineage/spades_scaffolds_isolate_enterococcus_odb12/prodigal_output/predicted_genes/predicted.faa
# Option settings: hmmsearch --domtblout /home/dich3309/rnaseq-tnseq-enterococcus-analysis/analyses/03_assembly_evaluation/busco_manual_lineage/spades_scaffolds_isolate_enterococcus_odb12/run_enterococcus_odb12/hmmer_output/22097at1350.out --cpu 1 /sw/data/local/BUSCO_Data/v5/lineages/enterococcus_odb12/hmms/22097at1350.hmm /home/dich3309/rnaseq-tnseq-enterococcus-analysis/analyses/03_assembly_evaluation/busco_manual_lineage/spades_scaffolds_isolate_enterococcus_odb12/prodigal_output/predicted_genes/predicted.faa 
# Current dir:     /gorilla/home/dich3309/rnaseq-tnseq-enterococcus-analysis/code
# Date:            Wed Apr 22 11:42:47 2026
# [ok]
