#                                                                                                          --- full sequence --- -------------- this domain -------------   hmm coord   ali coord   env coord
# target name                                      accession   tlen query name           accession   qlen   E-value  score  bias   #  of  c-Evalue  i-Evalue  score  bias  from    to  from    to  from    to  acc description of target
#                              ------------------- ---------- ----- -------------------- ---------- ----- --------- ------ ----- --- --- --------- --------- ------ ----- ----- ----- ----- ----- ----- ----- ---- ---------------------
NODE_3_length_193524_cov_75.578528:84150-84809|-   -            220 22289                -            217  1.1e-110  365.8   0.0   1   1    2e-113  1.3e-110  365.6   0.0     1   216     1   218     1   219 0.97 NODE_3_length_193524_cov_75.578528_112 # 84150 # 84809 # -1 # ID=3_112;partial=00;start_type=ATG;rbs_motif=AGGAG;rbs_spacer=5-10bp;gc_cont=0.408
NODE_1_length_304474_cov_63.252055:68823-69527|-   -            235 22289                -            217   7.8e-20   68.9   0.0   1   1   2.2e-21   1.4e-18   64.8   0.0     2   211     5   226     4   233 0.71 NODE_1_length_304474_cov_63.252055_63 # 68823 # 69527 # -1 # ID=1_63;partial=00;start_type=ATG;rbs_motif=AGGAGG;rbs_spacer=5-10bp;gc_cont=0.399
NODE_30_length_28698_cov_56.930508:20715-21242|-   -            176 22289                -            217   1.4e-16   58.3   0.0   1   1     6e-19   3.8e-16   56.8   0.0     3   156     2   145     1   153 0.86 NODE_30_length_28698_cov_56.930508_24 # 20715 # 21242 # -1 # ID=30_24;partial=00;start_type=ATG;rbs_motif=AGGAG;rbs_spacer=5-10bp;gc_cont=0.426
NODE_17_length_62801_cov_60.881707:37486-38172|-   -            229 22289                -            217   1.3e-14   51.8   0.1   1   2   2.3e-16   1.5e-13   48.4   0.0     2   118     3   122     2   143 0.87 NODE_17_length_62801_cov_60.881707_36 # 37486 # 38172 # -1 # ID=17_36;partial=00;start_type=ATG;rbs_motif=AGGAG;rbs_spacer=5-10bp;gc_cont=0.390
NODE_17_length_62801_cov_60.881707:37486-38172|-   -            229 22289                -            217   1.3e-14   51.8   0.1   2   2     0.058        36    1.3   0.0   123   168   149   197   140   205 0.67 NODE_17_length_62801_cov_60.881707_36 # 37486 # 38172 # -1 # ID=17_36;partial=00;start_type=ATG;rbs_motif=AGGAG;rbs_spacer=5-10bp;gc_cont=0.390
NODE_2_length_252901_cov_71.242866:178968-179636|+ -            223 22289                -            217   1.2e-13   48.6   0.0   1   1   7.3e-15   4.6e-12   43.5   0.0     1   165     1   188     1   198 0.79 NODE_2_length_252901_cov_71.242866_170 # 178968 # 179636 # 1 # ID=2_170;partial=00;start_type=ATG;rbs_motif=GGAG/GAGG;rbs_spacer=5-10bp;gc_cont=0.393
#
# Program:         hmmsearch
# Version:         3.4 (Aug 2023)
# Pipeline mode:   SEARCH
# Query file:      /sw/data/local/BUSCO_Data/v5/lineages/enterococcus_odb12/hmms/22289at1350.hmm
# Target file:     /home/dich3309/rnaseq-tnseq-enterococcus-analysis/analyses/03_assembly_evaluation/busco_manual_lineage/spades_scaffolds_isolate_enterococcus_odb12/prodigal_output/predicted_genes/predicted.faa
# Option settings: hmmsearch --domtblout /home/dich3309/rnaseq-tnseq-enterococcus-analysis/analyses/03_assembly_evaluation/busco_manual_lineage/spades_scaffolds_isolate_enterococcus_odb12/run_enterococcus_odb12/hmmer_output/22289at1350.out --cpu 1 /sw/data/local/BUSCO_Data/v5/lineages/enterococcus_odb12/hmms/22289at1350.hmm /home/dich3309/rnaseq-tnseq-enterococcus-analysis/analyses/03_assembly_evaluation/busco_manual_lineage/spades_scaffolds_isolate_enterococcus_odb12/prodigal_output/predicted_genes/predicted.faa 
# Current dir:     /gorilla/home/dich3309/rnaseq-tnseq-enterococcus-analysis/code
# Date:            Wed Apr 22 11:42:49 2026
# [ok]
