#                                                                                                        --- full sequence --- -------------- this domain -------------   hmm coord   ali coord   env coord
# target name                                    accession   tlen query name           accession   qlen   E-value  score  bias   #  of  c-Evalue  i-Evalue  score  bias  from    to  from    to  from    to  acc description of target
#                            ------------------- ---------- ----- -------------------- ---------- ----- --------- ------ ----- --- --- --------- --------- ------ ----- ----- ----- ----- ----- ----- ----- ---- ---------------------
NODE_8_length_123234_cov_76.327838:70775-71998|+ -            408 22486                -            406    9e-236  779.9   3.2   1   1  1.3e-238    1e-235  779.7   3.2     1   406     1   407     1   407 0.99 NODE_8_length_123234_cov_76.327838_68 # 70775 # 71998 # 1 # ID=8_68;partial=00;start_type=ATG;rbs_motif=GGAGG;rbs_spacer=5-10bp;gc_cont=0.374
NODE_8_length_123234_cov_76.327838:69712-70758|+ -            349 22486                -            406   6.1e-20   69.1   1.0   1   1     1e-22     8e-20   68.7   1.0    76   388    35   341    24   347 0.85 NODE_8_length_123234_cov_76.327838_67 # 69712 # 70758 # 1 # ID=8_67;partial=00;start_type=GTG;rbs_motif=AGxAGG/AGGxGG;rbs_spacer=5-10bp;gc_cont=0.378
NODE_8_length_123234_cov_76.327838:31710-32858|+ -            383 22486                -            406   5.8e-07   26.4   0.2   1   3      0.47   3.7e+02   -2.6   0.1    23    49    91   117    85   132 0.73 NODE_8_length_123234_cov_76.327838_30 # 31710 # 32858 # 1 # ID=8_30;partial=00;start_type=TTG;rbs_motif=AGGAG;rbs_spacer=5-10bp;gc_cont=0.283
NODE_8_length_123234_cov_76.327838:31710-32858|+ -            383 22486                -            406   5.8e-07   26.4   0.2   2   3      0.31   2.5e+02   -2.0   0.0   145   168   155   178   141   189 0.69 NODE_8_length_123234_cov_76.327838_30 # 31710 # 32858 # 1 # ID=8_30;partial=00;start_type=TTG;rbs_motif=AGGAG;rbs_spacer=5-10bp;gc_cont=0.283
NODE_8_length_123234_cov_76.327838:31710-32858|+ -            383 22486                -            406   5.8e-07   26.4   0.2   3   3   2.4e-09   1.9e-06   24.7   0.0   216   331   203   324   155   364 0.79 NODE_8_length_123234_cov_76.327838_30 # 31710 # 32858 # 1 # ID=8_30;partial=00;start_type=TTG;rbs_motif=AGGAG;rbs_spacer=5-10bp;gc_cont=0.283
NODE_4_length_185058_cov_63.073482:22486-23565|- -            360 22486                -            406     5e-05   20.0   0.0   1   1   9.8e-08   7.7e-05   19.4   0.0   209   311   184   284   131   303 0.87 NODE_4_length_185058_cov_63.073482_21 # 22486 # 23565 # -1 # ID=4_21;partial=00;start_type=ATG;rbs_motif=GGAG/GAGG;rbs_spacer=5-10bp;gc_cont=0.308
#
# Program:         hmmsearch
# Version:         3.4 (Aug 2023)
# Pipeline mode:   SEARCH
# Query file:      /sw/data/local/BUSCO_Data/v5/lineages/enterococcus_odb12/hmms/22486at1350.hmm
# Target file:     /home/dich3309/rnaseq-tnseq-enterococcus-analysis/analyses/03_assembly_evaluation/busco_manual_lineage/spades_scaffolds_isolate_enterococcus_odb12/prodigal_output/predicted_genes/predicted.faa
# Option settings: hmmsearch --domtblout /home/dich3309/rnaseq-tnseq-enterococcus-analysis/analyses/03_assembly_evaluation/busco_manual_lineage/spades_scaffolds_isolate_enterococcus_odb12/run_enterococcus_odb12/hmmer_output/22486at1350.out --cpu 1 /sw/data/local/BUSCO_Data/v5/lineages/enterococcus_odb12/hmms/22486at1350.hmm /home/dich3309/rnaseq-tnseq-enterococcus-analysis/analyses/03_assembly_evaluation/busco_manual_lineage/spades_scaffolds_isolate_enterococcus_odb12/prodigal_output/predicted_genes/predicted.faa 
# Current dir:     /gorilla/home/dich3309/rnaseq-tnseq-enterococcus-analysis/code
# Date:            Wed Apr 22 11:42:50 2026
# [ok]
