#                                                                                                        --- full sequence --- -------------- this domain -------------   hmm coord   ali coord   env coord
# target name                                    accession   tlen query name           accession   qlen   E-value  score  bias   #  of  c-Evalue  i-Evalue  score  bias  from    to  from    to  from    to  acc description of target
#                            ------------------- ---------- ----- -------------------- ---------- ----- --------- ------ ----- --- --- --------- --------- ------ ----- ----- ----- ----- ----- ----- ----- ---- ---------------------
NODE_6_length_133129_cov_71.626923:36762-37724|- -            321 22570                -            314  6.7e-181  598.0   0.0   1   1  9.7e-184  7.6e-181  597.8   0.0     1   313     1   315     1   316 0.99 NODE_6_length_133129_cov_71.626923_35 # 36762 # 37724 # -1 # ID=6_35;partial=00;start_type=ATG;rbs_motif=AGxAGG/AGGxGG;rbs_spacer=5-10bp;gc_cont=0.407
NODE_33_length_26158_cov_60.272498:2255-4228|-   -            658 22570                -            314     1e-17   61.9   1.6   1   2       1.1   8.8e+02   -3.6   0.0    33    75   110   154   106   172 0.76 NODE_33_length_26158_cov_60.272498_3 # 2255 # 4228 # -1 # ID=33_3;partial=00;start_type=ATG;rbs_motif=GGAGG;rbs_spacer=5-10bp;gc_cont=0.396
NODE_33_length_26158_cov_60.272498:2255-4228|-   -            658 22570                -            314     1e-17   61.9   1.6   2   2   4.1e-20   3.3e-17   60.2   0.4    15   311   336   648   324   652 0.67 NODE_33_length_26158_cov_60.272498_3 # 2255 # 4228 # -1 # ID=33_3;partial=00;start_type=ATG;rbs_motif=GGAGG;rbs_spacer=5-10bp;gc_cont=0.396
NODE_9_length_122393_cov_61.758630:33799-34725|- -            309 22570                -            314   6.7e-10   36.2   0.2   1   1     1e-12   8.1e-10   35.9   0.2    15   177     2   171     1   232 0.82 NODE_9_length_122393_cov_61.758630_39 # 33799 # 34725 # -1 # ID=9_39;partial=00;start_type=ATG;rbs_motif=AGGAG;rbs_spacer=5-10bp;gc_cont=0.382
NODE_30_length_28698_cov_56.930508:5519-6028|-   -            170 22570                -            314   0.00035   17.4   0.0   1   2     0.047        37    0.9   0.0    61    92    25    60     8    77 0.63 NODE_30_length_28698_cov_56.930508_9 # 5519 # 6028 # -1 # ID=30_9;partial=00;start_type=ATG;rbs_motif=AGGAG;rbs_spacer=5-10bp;gc_cont=0.398
NODE_30_length_28698_cov_56.930508:5519-6028|-   -            170 22570                -            314   0.00035   17.4   0.0   2   2   3.8e-06     0.003   14.4   0.0   207   265    98   156    93   161 0.93 NODE_30_length_28698_cov_56.930508_9 # 5519 # 6028 # -1 # ID=30_9;partial=00;start_type=ATG;rbs_motif=AGGAG;rbs_spacer=5-10bp;gc_cont=0.398
#
# Program:         hmmsearch
# Version:         3.4 (Aug 2023)
# Pipeline mode:   SEARCH
# Query file:      /sw/data/local/BUSCO_Data/v5/lineages/enterococcus_odb12/hmms/22570at1350.hmm
# Target file:     /home/dich3309/rnaseq-tnseq-enterococcus-analysis/analyses/03_assembly_evaluation/busco_manual_lineage/spades_scaffolds_isolate_enterococcus_odb12/prodigal_output/predicted_genes/predicted.faa
# Option settings: hmmsearch --domtblout /home/dich3309/rnaseq-tnseq-enterococcus-analysis/analyses/03_assembly_evaluation/busco_manual_lineage/spades_scaffolds_isolate_enterococcus_odb12/run_enterococcus_odb12/hmmer_output/22570at1350.out --cpu 1 /sw/data/local/BUSCO_Data/v5/lineages/enterococcus_odb12/hmms/22570at1350.hmm /home/dich3309/rnaseq-tnseq-enterococcus-analysis/analyses/03_assembly_evaluation/busco_manual_lineage/spades_scaffolds_isolate_enterococcus_odb12/prodigal_output/predicted_genes/predicted.faa 
# Current dir:     /gorilla/home/dich3309/rnaseq-tnseq-enterococcus-analysis/code
# Date:            Wed Apr 22 11:42:50 2026
# [ok]
