#                                                                                                        --- full sequence --- -------------- this domain -------------   hmm coord   ali coord   env coord
# target name                                    accession   tlen query name           accession   qlen   E-value  score  bias   #  of  c-Evalue  i-Evalue  score  bias  from    to  from    to  from    to  acc description of target
#                            ------------------- ---------- ----- -------------------- ---------- ----- --------- ------ ----- --- --- --------- --------- ------ ----- ----- ----- ----- ----- ----- ----- ---- ---------------------
NODE_11_length_94214_cov_54.858857:54412-54813|+ -            134 23014                -            118   1.4e-45  151.5  13.9   1   1   1.8e-47   1.9e-44  147.9  13.9     9   118    24   133     1   133 0.93 NODE_11_length_94214_cov_54.858857_58 # 54412 # 54813 # 1 # ID=11_58;partial=00;start_type=ATG;rbs_motif=AGGAG;rbs_spacer=5-10bp;gc_cont=0.356
NODE_4_length_185058_cov_63.073482:95357-96250|- -            298 23014                -            118      0.24    8.9   4.4   1   2   9.2e-05     0.096   10.2   0.9    38   111    30   105    11   110 0.78 NODE_4_length_185058_cov_63.073482_86 # 95357 # 96250 # -1 # ID=4_86;partial=00;start_type=ATG;rbs_motif=GGA/GAG/AGG;rbs_spacer=5-10bp;gc_cont=0.385
NODE_4_length_185058_cov_63.073482:95357-96250|- -            298 23014                -            118      0.24    8.9   4.4   2   2      0.34   3.5e+02   -1.3   0.1    47    63   182   198   155   208 0.56 NODE_4_length_185058_cov_63.073482_86 # 95357 # 96250 # -1 # ID=4_86;partial=00;start_type=ATG;rbs_motif=GGA/GAG/AGG;rbs_spacer=5-10bp;gc_cont=0.385
NODE_42_length_10417_cov_270.845628:8501-9643|-  -            381 23014                -            118       2.7    5.5   9.8   1   3   0.00068      0.71    7.4   0.1    27    86     3    64     1    68 0.69 NODE_42_length_10417_cov_270.845628_12 # 8501 # 9643 # -1 # ID=42_12;partial=00;start_type=TTG;rbs_motif=GGxGG;rbs_spacer=11-12bp;gc_cont=0.413
NODE_42_length_10417_cov_270.845628:8501-9643|-  -            381 23014                -            118       2.7    5.5   9.8   2   3      0.09        94    0.5   0.2    39    75    73   106    50   124 0.49 NODE_42_length_10417_cov_270.845628_12 # 8501 # 9643 # -1 # ID=42_12;partial=00;start_type=TTG;rbs_motif=GGxGG;rbs_spacer=11-12bp;gc_cont=0.413
NODE_42_length_10417_cov_270.845628:8501-9643|-  -            381 23014                -            118       2.7    5.5   9.8   3   3     0.027        29    2.2   1.8    55    91   117   153   106   156 0.92 NODE_42_length_10417_cov_270.845628_12 # 8501 # 9643 # -1 # ID=42_12;partial=00;start_type=TTG;rbs_motif=GGxGG;rbs_spacer=11-12bp;gc_cont=0.413
#
# Program:         hmmsearch
# Version:         3.4 (Aug 2023)
# Pipeline mode:   SEARCH
# Query file:      /sw/data/local/BUSCO_Data/v5/lineages/enterococcus_odb12/hmms/23014at1350.hmm
# Target file:     /home/dich3309/rnaseq-tnseq-enterococcus-analysis/analyses/03_assembly_evaluation/busco_manual_lineage/spades_scaffolds_isolate_enterococcus_odb12/prodigal_output/predicted_genes/predicted.faa
# Option settings: hmmsearch --domtblout /home/dich3309/rnaseq-tnseq-enterococcus-analysis/analyses/03_assembly_evaluation/busco_manual_lineage/spades_scaffolds_isolate_enterococcus_odb12/run_enterococcus_odb12/hmmer_output/23014at1350.out --cpu 1 /sw/data/local/BUSCO_Data/v5/lineages/enterococcus_odb12/hmms/23014at1350.hmm /home/dich3309/rnaseq-tnseq-enterococcus-analysis/analyses/03_assembly_evaluation/busco_manual_lineage/spades_scaffolds_isolate_enterococcus_odb12/prodigal_output/predicted_genes/predicted.faa 
# Current dir:     /gorilla/home/dich3309/rnaseq-tnseq-enterococcus-analysis/code
# Date:            Wed Apr 22 11:42:53 2026
# [ok]
