#                                                                                                        --- full sequence --- -------------- this domain -------------   hmm coord   ali coord   env coord
# target name                                    accession   tlen query name           accession   qlen   E-value  score  bias   #  of  c-Evalue  i-Evalue  score  bias  from    to  from    to  from    to  acc description of target
#                            ------------------- ---------- ----- -------------------- ---------- ----- --------- ------ ----- --- --- --------- --------- ------ ----- ----- ----- ----- ----- ----- ----- ---- ---------------------
NODE_19_length_58687_cov_59.880605:9417-10652|+  -            412 4559                 -            410  2.2e-256  847.8   1.4   1   1  3.8e-259  2.4e-256  847.7   1.4     1   410     1   411     1   411 1.00 NODE_19_length_58687_cov_59.880605_11 # 9417 # 10652 # 1 # ID=19_11;partial=00;start_type=ATG;rbs_motif=GGA/GAG/AGG;rbs_spacer=5-10bp;gc_cont=0.441
NODE_35_length_20136_cov_58.418942:4199-5335|+   -            379 4559                 -            410   1.3e-30  104.2   0.0   1   1   1.6e-31     1e-28   97.9   0.0    24   370     4   332     2   378 0.82 NODE_35_length_20136_cov_58.418942_4 # 4199 # 5335 # 1 # ID=35_4;partial=00;start_type=GTG;rbs_motif=GGA/GAG/AGG;rbs_spacer=5-10bp;gc_cont=0.412
NODE_6_length_133129_cov_71.626923:1513-2655|-   -            381 4559                 -            410   4.2e-28   95.9   0.0   1   2   5.5e-28   3.5e-25   86.3   0.0    23   239     1   217     1   229 0.88 NODE_6_length_133129_cov_71.626923_2 # 1513 # 2655 # -1 # ID=6_2;partial=00;start_type=ATG;rbs_motif=GGAG/GAGG;rbs_spacer=5-10bp;gc_cont=0.394
NODE_6_length_133129_cov_71.626923:1513-2655|-   -            381 4559                 -            410   4.2e-28   95.9   0.0   2   2   0.00037      0.23    7.8   0.0   273   365   235   325   230   370 0.82 NODE_6_length_133129_cov_71.626923_2 # 1513 # 2655 # -1 # ID=6_2;partial=00;start_type=ATG;rbs_motif=GGAG/GAGG;rbs_spacer=5-10bp;gc_cont=0.394
NODE_2_length_252901_cov_71.242866:58625-59716|- -            364 4559                 -            410   2.1e-07   27.7   0.0   1   1   4.1e-10   2.6e-07   27.5   0.0   142   249   106   216    33   263 0.83 NODE_2_length_252901_cov_71.242866_66 # 58625 # 59716 # -1 # ID=2_66;partial=00;start_type=ATG;rbs_motif=AGGA;rbs_spacer=5-10bp;gc_cont=0.394
NODE_14_length_67873_cov_82.007916:13010-14155|+ -            382 4559                 -            410   0.00018   18.1   0.0   1   1   4.3e-07   0.00027   17.5   0.0   149   228   121   199    83   221 0.87 NODE_14_length_67873_cov_82.007916_13 # 13010 # 14155 # 1 # ID=14_13;partial=00;start_type=ATG;rbs_motif=AGGAGG;rbs_spacer=5-10bp;gc_cont=0.401
#
# Program:         hmmsearch
# Version:         3.4 (Aug 2023)
# Pipeline mode:   SEARCH
# Query file:      /sw/data/local/BUSCO_Data/v5/lineages/enterococcus_odb12/hmms/4559at1350.hmm
# Target file:     /home/dich3309/rnaseq-tnseq-enterococcus-analysis/analyses/03_assembly_evaluation/busco_manual_lineage/spades_scaffolds_isolate_enterococcus_odb12/prodigal_output/predicted_genes/predicted.faa
# Option settings: hmmsearch --domtblout /home/dich3309/rnaseq-tnseq-enterococcus-analysis/analyses/03_assembly_evaluation/busco_manual_lineage/spades_scaffolds_isolate_enterococcus_odb12/run_enterococcus_odb12/hmmer_output/4559at1350.out --cpu 1 /sw/data/local/BUSCO_Data/v5/lineages/enterococcus_odb12/hmms/4559at1350.hmm /home/dich3309/rnaseq-tnseq-enterococcus-analysis/analyses/03_assembly_evaluation/busco_manual_lineage/spades_scaffolds_isolate_enterococcus_odb12/prodigal_output/predicted_genes/predicted.faa 
# Current dir:     /gorilla/home/dich3309/rnaseq-tnseq-enterococcus-analysis/code
# Date:            Wed Apr 22 11:42:59 2026
# [ok]
