#                                                                                     --- full sequence --- -------------- this domain -------------   hmm coord   ali coord   env coord
# target name                 accession   tlen query name           accession   qlen   E-value  score  bias   #  of  c-Evalue  i-Evalue  score  bias  from    to  from    to  from    to  acc description of target
#         ------------------- ---------- ----- -------------------- ---------- ----- --------- ------ ----- --- --- --------- --------- ------ ----- ----- ----- ----- ----- ----- ----- ---- ---------------------
tig00000001:2532696-2534969|- -            758 24572                -            735    3e-218  723.8   8.5   1   1  7.1e-221  3.7e-218  723.5   8.5     3   725     8   745     6   755 0.93 tig00000001_2458 # 2532696 # 2534969 # -1 # ID=1_2458;partial=00;start_type=ATG;rbs_motif=GGA/GAG/AGG;rbs_spacer=5-10bp;gc_cont=0.376
tig00000001:1567880-1568560|+ -            227 24572                -            735    0.0003   16.3   0.2   1   1   7.9e-07   0.00041   15.8   0.2   534   557    41    64    39    81 0.87 tig00000001_1501 # 1567880 # 1568560 # 1 # ID=1_1501;partial=00;start_type=ATG;rbs_motif=GGAG/GAGG;rbs_spacer=5-10bp;gc_cont=0.404
tig00000001:1615226-1616905|- -            560 24572                -            735    0.0012   14.2   0.0   1   1   3.5e-06    0.0018   13.7   0.0   533   560    66    93    63   106 0.91 tig00000001_1545 # 1615226 # 1616905 # -1 # ID=1_1545;partial=00;start_type=ATG;rbs_motif=GGAG/GAGG;rbs_spacer=5-10bp;gc_cont=0.424
tig00000002:208420-208680|+   -             87 24572                -            735    0.0053   12.1   0.0   1   1     1e-05    0.0053   12.1   0.0   532   554    54    76    23    79 0.89 tig00000002_207 # 208420 # 208680 # 1 # ID=2_207;partial=00;start_type=GTG;rbs_motif=AGGAG;rbs_spacer=5-10bp;gc_cont=0.360
tig00000001:1565376-1567055|+ -            560 24572                -            735     0.026    9.9   0.0   1   1   6.5e-05     0.034    9.5   0.0   532   560    59    87    54   158 0.88 tig00000001_1499 # 1565376 # 1567055 # 1 # ID=1_1499;partial=00;start_type=GTG;rbs_motif=GGAG/GAGG;rbs_spacer=5-10bp;gc_cont=0.400
tig00000001:2212333-2213202|+ -            290 24572                -            735     0.054    8.8  14.6   1   1   0.00012     0.065    8.5  14.6   308   412    85   190    26   240 0.73 tig00000001_2135 # 2212333 # 2213202 # 1 # ID=1_2135;partial=00;start_type=ATG;rbs_motif=AGGAGG;rbs_spacer=5-10bp;gc_cont=0.380
#
# Program:         hmmsearch
# Version:         3.4 (Aug 2023)
# Pipeline mode:   SEARCH
# Query file:      /sw/data/local/BUSCO_Data/v5/lineages/enterococcaceae_odb12/hmms/24572at81852.hmm
# Target file:     /home/dich3309/rnaseq-tnseq-enterococcus-analysis/analyses/03_assembly_evaluation/busco_auto_lineage/canu_pacbio_auto/prodigal_output/predicted_genes/predicted.faa
# Option settings: hmmsearch --domtblout /home/dich3309/rnaseq-tnseq-enterococcus-analysis/analyses/03_assembly_evaluation/busco_auto_lineage/canu_pacbio_auto/run_enterococcaceae_odb12/hmmer_output/24572at81852.out --cpu 1 /sw/data/local/BUSCO_Data/v5/lineages/enterococcaceae_odb12/hmms/24572at81852.hmm /home/dich3309/rnaseq-tnseq-enterococcus-analysis/analyses/03_assembly_evaluation/busco_auto_lineage/canu_pacbio_auto/prodigal_output/predicted_genes/predicted.faa 
# Current dir:     /gorilla/home/dich3309/rnaseq-tnseq-enterococcus-analysis/code
# Date:            Mon Apr 20 03:14:33 2026
# [ok]
