#                                                                                                          --- full sequence --- -------------- this domain -------------   hmm coord   ali coord   env coord
# target name                                      accession   tlen query name           accession   qlen   E-value  score  bias   #  of  c-Evalue  i-Evalue  score  bias  from    to  from    to  from    to  acc description of target
#                              ------------------- ---------- ----- -------------------- ---------- ----- --------- ------ ----- --- --- --------- --------- ------ ----- ----- ----- ----- ----- ----- ----- ---- ---------------------
NODE_10_length_113754_cov_99.095655:59350-59961|+  -            204 9803672              -            180   1.5e-66  221.0   0.3   1   1   4.5e-69   2.3e-66  220.3   0.3     1   179     1   200     1   201 0.89 NODE_10_length_113754_cov_99.095655_56 # 59350 # 59961 # 1 # ID=10_56;partial=00;start_type=ATG;rbs_motif=GGAGG;rbs_spacer=5-10bp;gc_cont=0.413
NODE_9_length_122393_cov_61.758630:87444-88160|-   -            239 9803672              -            180    0.0001   19.5   0.0   1   1   3.3e-07   0.00017   18.8   0.0    78   129     2    52     1    67 0.93 NODE_9_length_122393_cov_61.758630_89 # 87444 # 88160 # -1 # ID=9_89;partial=00;start_type=ATG;rbs_motif=AGGAG;rbs_spacer=5-10bp;gc_cont=0.404
NODE_18_length_59342_cov_60.374412:49999-50268|+   -             90 9803672              -            180   0.00067   16.8   0.2   1   1   1.4e-06   0.00071   16.7   0.2    78   142     1    64     1    85 0.85 NODE_18_length_59342_cov_60.374412_43 # 49999 # 50268 # 1 # ID=18_43;partial=00;start_type=ATG;rbs_motif=GGAG/GAGG;rbs_spacer=5-10bp;gc_cont=0.330
NODE_11_length_94214_cov_54.858857:66121-66903|+   -            261 9803672              -            180    0.0012   16.0   0.1   1   1     4e-06    0.0021   15.2   0.1    78   129   183   233   179   252 0.89 NODE_11_length_94214_cov_54.858857_68 # 66121 # 66903 # 1 # ID=11_68;partial=00;start_type=TTG;rbs_motif=AGGAGG;rbs_spacer=5-10bp;gc_cont=0.401
NODE_34_length_20819_cov_59.576205:8128-8847|-     -            240 9803672              -            180    0.0095   13.1   0.0   1   1   2.7e-05     0.014   12.5   0.0    78   121     1    43     1    95 0.90 NODE_34_length_20819_cov_59.576205_7 # 8128 # 8847 # -1 # ID=34_7;partial=00;start_type=ATG;rbs_motif=GGxGG;rbs_spacer=5-10bp;gc_cont=0.382
NODE_1_length_304474_cov_63.252055:165548-166459|+ -            304 9803672              -            180     0.012   12.8   0.0   1   1   4.4e-05     0.023   11.8   0.0    79   127    14    61     7    82 0.89 NODE_1_length_304474_cov_63.252055_157 # 165548 # 166459 # 1 # ID=1_157;partial=00;start_type=ATG;rbs_motif=AGGA/GGAG/GAGG;rbs_spacer=11-12bp;gc_cont=0.414
#
# Program:         hmmsearch
# Version:         3.4 (Aug 2023)
# Pipeline mode:   SEARCH
# Query file:      /sw/data/local/BUSCO_Data/v5/lineages/bacteria_odb12/hmms/9803672at2.hmm
# Target file:     /home/dich3309/rnaseq-tnseq-enterococcus-analysis/analyses/03_assembly_evaluation/busco_auto_lineage/spades_scaffolds_isolate_auto/prodigal_output/predicted_genes/predicted.faa
# Option settings: hmmsearch --domtblout /home/dich3309/rnaseq-tnseq-enterococcus-analysis/analyses/03_assembly_evaluation/busco_auto_lineage/spades_scaffolds_isolate_auto/auto_lineage/run_bacteria_odb12/hmmer_output/9803672at2.out --cpu 1 /sw/data/local/BUSCO_Data/v5/lineages/bacteria_odb12/hmms/9803672at2.hmm /home/dich3309/rnaseq-tnseq-enterococcus-analysis/analyses/03_assembly_evaluation/busco_auto_lineage/spades_scaffolds_isolate_auto/prodigal_output/predicted_genes/predicted.faa 
# Current dir:     /gorilla/home/dich3309/rnaseq-tnseq-enterococcus-analysis/code
# Date:            Wed Apr 22 11:43:20 2026
# [ok]
