#                                                                                                          --- full sequence --- -------------- this domain -------------   hmm coord   ali coord   env coord
# target name                                      accession   tlen query name           accession   qlen   E-value  score  bias   #  of  c-Evalue  i-Evalue  score  bias  from    to  from    to  from    to  acc description of target
#                              ------------------- ---------- ----- -------------------- ---------- ----- --------- ------ ----- --- --- --------- --------- ------ ----- ----- ----- ----- ----- ----- ----- ---- ---------------------
NODE_2_length_304403_cov_65.784473:19972-21411|+   -            480 9801213              -            449  3.2e-181  600.2   0.0   1   1  7.4e-184  3.8e-181  599.9   0.0     3   443     7   467     5   473 0.92 NODE_2_length_304403_cov_65.784473_21 # 19972 # 21411 # 1 # ID=2_21;partial=00;start_type=ATG;rbs_motif=GGAGG;rbs_spacer=5-10bp;gc_cont=0.416
NODE_1_length_385945_cov_86.278628:259477-261282|- -            602 9801213              -            449   4.8e-38  128.2   0.2   1   1   1.3e-40   6.7e-38  127.7   0.2     7   221     1   216     1   230 0.89 NODE_1_length_385945_cov_86.278628_267 # 259477 # 261282 # -1 # ID=1_267;partial=00;start_type=ATG;rbs_motif=AGxAGG/AGGxGG;rbs_spacer=5-10bp;gc_cont=0.407
NODE_1_length_385945_cov_86.278628:163528-165423|+ -            632 9801213              -            449   1.9e-23   80.1   0.0   1   1     7e-24   3.6e-21   72.6   0.0    68   198    38   161     1   173 0.88 NODE_1_length_385945_cov_86.278628_179 # 163528 # 165423 # 1 # ID=1_179;partial=00;start_type=ATG;rbs_motif=AGGA/GGAG/GAGG;rbs_spacer=11-12bp;gc_cont=0.372
NODE_30_length_20136_cov_58.816694:3036-4010|+     -            325 9801213              -            449   0.00027   17.0   0.0   1   1   8.7e-07   0.00045   16.3   0.0   331   368   215   252   210   255 0.92 NODE_30_length_20136_cov_58.816694_3 # 3036 # 4010 # 1 # ID=30_3;partial=00;start_type=ATG;rbs_motif=GGAGG;rbs_spacer=5-10bp;gc_cont=0.406
NODE_10_length_119333_cov_96.609128:16671-17642|+  -            324 9801213              -            449   0.00062   15.8   0.2   1   1   1.8e-06    0.0009   15.3   0.2   324   385   211   271   196   306 0.80 NODE_10_length_119333_cov_96.609128_14 # 16671 # 17642 # 1 # ID=10_14;partial=00;start_type=ATG;rbs_motif=GGAGG;rbs_spacer=5-10bp;gc_cont=0.402
NODE_10_length_119333_cov_96.609128:52841-53386|+  -            182 9801213              -            449    0.0088   12.0   0.1   1   1     2e-05      0.01   11.8   0.1   325   367    84   126     9   128 0.71 NODE_10_length_119333_cov_96.609128_47 # 52841 # 53386 # 1 # ID=10_47;partial=00;start_type=ATG;rbs_motif=AGGAG;rbs_spacer=5-10bp;gc_cont=0.381
#
# Program:         hmmsearch
# Version:         3.4 (Aug 2023)
# Pipeline mode:   SEARCH
# Query file:      /sw/data/local/BUSCO_Data/v5/lineages/bacteria_odb12/hmms/9801213at2.hmm
# Target file:     /home/dich3309/rnaseq-tnseq-enterococcus-analysis/analyses/03_assembly_evaluation/busco_auto_lineage/spades_scaffolds_auto/prodigal_output/predicted_genes/predicted.faa
# Option settings: hmmsearch --domtblout /home/dich3309/rnaseq-tnseq-enterococcus-analysis/analyses/03_assembly_evaluation/busco_auto_lineage/spades_scaffolds_auto/auto_lineage/run_bacteria_odb12/hmmer_output/9801213at2.out --cpu 1 /sw/data/local/BUSCO_Data/v5/lineages/bacteria_odb12/hmms/9801213at2.hmm /home/dich3309/rnaseq-tnseq-enterococcus-analysis/analyses/03_assembly_evaluation/busco_auto_lineage/spades_scaffolds_auto/prodigal_output/predicted_genes/predicted.faa 
# Current dir:     /gorilla/home/dich3309/rnaseq-tnseq-enterococcus-analysis/code
# Date:            Mon Apr 20 03:15:10 2026
# [ok]
