#                                                                                                           --- full sequence --- -------------- this domain -------------   hmm coord   ali coord   env coord
# target name                                       accession   tlen query name           accession   qlen   E-value  score  bias   #  of  c-Evalue  i-Evalue  score  bias  from    to  from    to  from    to  acc description of target
#                               ------------------- ---------- ----- -------------------- ---------- ----- --------- ------ ----- --- --- --------- --------- ------ ----- ----- ----- ----- ----- ----- ----- ---- ---------------------
NODE_11_length_113754_cov_100.754285:59350-59961|+  -            204 9803672              -            180   1.5e-66  221.0   0.3   1   1   4.5e-69   2.3e-66  220.3   0.3     1   179     1   200     1   201 0.89 NODE_11_length_113754_cov_100.754285_56 # 59350 # 59961 # 1 # ID=11_56;partial=00;start_type=ATG;rbs_motif=GGAGG;rbs_spacer=5-10bp;gc_cont=0.413
NODE_9_length_122393_cov_64.141746:34234-34950|+    -            239 9803672              -            180   9.7e-05   19.5   0.0   1   1   3.3e-07   0.00017   18.8   0.0    78   129     2    52     1    67 0.93 NODE_9_length_122393_cov_64.141746_29 # 34234 # 34950 # 1 # ID=9_29;partial=00;start_type=ATG;rbs_motif=AGGAG;rbs_spacer=5-10bp;gc_cont=0.404
NODE_10_length_119333_cov_96.609128:49999-50268|+   -             90 9803672              -            180   0.00066   16.8   0.2   1   1   1.4e-06    0.0007   16.7   0.2    78   142     1    64     1    85 0.85 NODE_10_length_119333_cov_96.609128_43 # 49999 # 50268 # 1 # ID=10_43;partial=00;start_type=ATG;rbs_motif=GGAG/GAGG;rbs_spacer=5-10bp;gc_cont=0.330
NODE_7_length_162800_cov_68.413407:66121-66903|+    -            261 9803672              -            180    0.0012   16.0   0.1   1   1     4e-06    0.0021   15.2   0.1    78   129   183   233   179   252 0.89 NODE_7_length_162800_cov_68.413407_68 # 66121 # 66903 # 1 # ID=7_68;partial=00;start_type=TTG;rbs_motif=AGGAGG;rbs_spacer=5-10bp;gc_cont=0.401
NODE_10_length_119333_cov_96.609128:110487-111206|+ -            240 9803672              -            180    0.0093   13.1   0.0   1   1   2.7e-05     0.014   12.5   0.0    78   121     1    43     1    95 0.90 NODE_10_length_119333_cov_96.609128_81 # 110487 # 111206 # 1 # ID=10_81;partial=00;start_type=ATG;rbs_motif=GGxGG;rbs_spacer=5-10bp;gc_cont=0.379
NODE_2_length_304403_cov_65.784473:165548-166459|+  -            304 9803672              -            180     0.011   12.8   0.0   1   1   4.4e-05     0.022   11.8   0.0    79   127    14    61     7    82 0.89 NODE_2_length_304403_cov_65.784473_158 # 165548 # 166459 # 1 # ID=2_158;partial=00;start_type=ATG;rbs_motif=AGGA/GGAG/GAGG;rbs_spacer=11-12bp;gc_cont=0.414
#
# Program:         hmmsearch
# Version:         3.4 (Aug 2023)
# Pipeline mode:   SEARCH
# Query file:      /sw/data/local/BUSCO_Data/v5/lineages/bacteria_odb12/hmms/9803672at2.hmm
# Target file:     /home/dich3309/rnaseq-tnseq-enterococcus-analysis/analyses/03_assembly_evaluation/busco_auto_lineage/spades_scaffolds_auto/prodigal_output/predicted_genes/predicted.faa
# Option settings: hmmsearch --domtblout /home/dich3309/rnaseq-tnseq-enterococcus-analysis/analyses/03_assembly_evaluation/busco_auto_lineage/spades_scaffolds_auto/auto_lineage/run_bacteria_odb12/hmmer_output/9803672at2.out --cpu 1 /sw/data/local/BUSCO_Data/v5/lineages/bacteria_odb12/hmms/9803672at2.hmm /home/dich3309/rnaseq-tnseq-enterococcus-analysis/analyses/03_assembly_evaluation/busco_auto_lineage/spades_scaffolds_auto/prodigal_output/predicted_genes/predicted.faa 
# Current dir:     /gorilla/home/dich3309/rnaseq-tnseq-enterococcus-analysis/code
# Date:            Wed Apr 22 11:39:31 2026
# [ok]
