#                                                                                 --- full sequence --- -------------- this domain -------------   hmm coord   ali coord   env coord
# target name             accession   tlen query name           accession   qlen   E-value  score  bias   #  of  c-Evalue  i-Evalue  score  bias  from    to  from    to  from    to  acc description of target
#     ------------------- ---------- ----- -------------------- ---------- ----- --------- ------ ----- --- --- --------- --------- ------ ----- ----- ----- ----- ----- ----- ----- ---- ---------------------
contig_29:121926-122201|- -             92 8319                 -            236   2.1e-13   48.4   0.1   1   1   3.2e-16   2.3e-13   48.3   0.1    22   107     4    86     1    89 0.88 contig_29_165 # 121926 # 122201 # -1 # ID=22_165;partial=00;start_type=ATG;rbs_motif=None;rbs_spacer=None;gc_cont=0.384
contig_61:49836-50033|-   -             66 8319                 -            236   2.4e-08   31.8   0.0   1   1   3.5e-11   2.5e-08   31.8   0.0    97   135     6    44     3    62 0.86 contig_61_63 # 49836 # 50033 # -1 # ID=57_63;partial=00;start_type=TTG;rbs_motif=GGA/GAG/AGG;rbs_spacer=5-10bp;gc_cont=0.414
contig_11:24168-24476|+   -            103 8319                 -            236   1.6e-06   25.9   0.0   1   1   2.6e-09   1.8e-06   25.7   0.0    88   126    15    53     9    79 0.85 contig_11_31 # 24168 # 24476 # 1 # ID=3_31;partial=00;start_type=TTG;rbs_motif=None;rbs_spacer=None;gc_cont=0.398
contig_66:26800-27003|-   -             68 8319                 -            236     3e-06   25.0   0.0   1   1   4.5e-09   3.3e-06   24.8   0.0    45   103     4    61     1    64 0.83 contig_66_37 # 26800 # 27003 # -1 # ID=62_37;partial=00;start_type=TTG;rbs_motif=GGA/GAG/AGG;rbs_spacer=5-10bp;gc_cont=0.368
contig_53:31345-31749|-   -            135 8319                 -            236   3.3e-05   21.6   0.0   1   1   6.8e-08   4.9e-05   21.0   0.0     3    83    44   120    42   126 0.75 contig_53_45 # 31345 # 31749 # -1 # ID=48_45;partial=00;start_type=TTG;rbs_motif=None;rbs_spacer=None;gc_cont=0.422
contig_61:50082-50294|-   -             71 8319                 -            236   0.00013   19.6   0.0   1   1   1.9e-07   0.00013   19.6   0.0     6    70     6    68     1    70 0.74 contig_61_64 # 50082 # 50294 # -1 # ID=57_64;partial=00;start_type=ATG;rbs_motif=GGA/GAG/AGG;rbs_spacer=5-10bp;gc_cont=0.427
contig_11:24473-24655|+   -             61 8319                 -            236     0.013   13.1   0.0   1   1   1.8e-05     0.013   13.1   0.0   187   228     3    43     1    52 0.75 contig_11_32 # 24473 # 24655 # 1 # ID=3_32;partial=00;start_type=TTG;rbs_motif=None;rbs_spacer=None;gc_cont=0.366
#
# Program:         hmmsearch
# Version:         3.4 (Aug 2023)
# Pipeline mode:   SEARCH
# Query file:      /sw/data/local/BUSCO_Data/v5/lineages/enterococcus_odb12/hmms/8319at1350.hmm
# Target file:     /home/dich3309/rnaseq-tnseq-enterococcus-analysis/analyses/03_assembly_evaluation/busco_enterococcus_odb12/flye_nanopore_enterococcus_odb12/prodigal_output/predicted_genes/predicted.faa
# Option settings: hmmsearch --domtblout /home/dich3309/rnaseq-tnseq-enterococcus-analysis/analyses/03_assembly_evaluation/busco_enterococcus_odb12/flye_nanopore_enterococcus_odb12/run_enterococcus_odb12/hmmer_output/8319at1350.out --cpu 1 /sw/data/local/BUSCO_Data/v5/lineages/enterococcus_odb12/hmms/8319at1350.hmm /home/dich3309/rnaseq-tnseq-enterococcus-analysis/analyses/03_assembly_evaluation/busco_enterococcus_odb12/flye_nanopore_enterococcus_odb12/prodigal_output/predicted_genes/predicted.faa 
# Current dir:     /gorilla/home/dich3309/rnaseq-tnseq-enterococcus-analysis/code
# Date:            Tue Apr 28 22:15:05 2026
# [ok]
