#                                                                                                             --- full sequence --- -------------- this domain -------------   hmm coord   ali coord   env coord
# target name                                         accession   tlen query name           accession   qlen   E-value  score  bias   #  of  c-Evalue  i-Evalue  score  bias  from    to  from    to  from    to  acc description of target
#                                 ------------------- ---------- ----- -------------------- ---------- ----- --------- ------ ----- --- --- --------- --------- ------ ----- ----- ----- ----- ----- ----- ----- ---- ---------------------
NODE_1_length_1652082_cov_46.167482:1365665-1367230|+ -            522 1360                 -            518         0 1090.2   0.8   1   1         0         0 1090.1   0.8     1   518     1   521     1   521 0.99 NODE_1_length_1652082_cov_46.167482_1346 # 1365665 # 1367230 # 1 # ID=1_1346;partial=00;start_type=TTG;rbs_motif=GGA/GAG/AGG;rbs_spacer=5-10bp;gc_cont=0.427
NODE_4_length_212759_cov_102.864112:120854-122467|-   -            538 1360                 -            518         0 1086.2   0.3   1   1         0         0 1086.0   0.3     9   518    25   537    18   537 0.99 NODE_4_length_212759_cov_102.864112_119 # 120854 # 122467 # -1 # ID=4_119;partial=00;start_type=ATG;rbs_motif=None;rbs_spacer=None;gc_cont=0.435
NODE_2_length_840748_cov_42.698360:362995-364071|-    -            359 1360                 -            518   5.5e-08   29.3   0.0   1   1   1.8e-10   9.1e-08   28.5   0.0    11   180   170   334   166   349 0.74 NODE_2_length_840748_cov_42.698360_348 # 362995 # 364071 # -1 # ID=2_348;partial=00;start_type=ATG;rbs_motif=GGAG/GAGG;rbs_spacer=5-10bp;gc_cont=0.408
NODE_1_length_1652082_cov_46.167482:356831-357550|+   -            240 1360                 -            518   4.7e-06   22.9   0.0   1   1   1.8e-08   9.5e-06   21.9   0.0    83   184   107   224    94   237 0.69 NODE_1_length_1652082_cov_46.167482_361 # 356831 # 357550 # 1 # ID=1_361;partial=00;start_type=ATG;rbs_motif=AGxAGG/AGGxGG;rbs_spacer=5-10bp;gc_cont=0.414
NODE_1_length_1652082_cov_46.167482:912761-913882|-   -            374 1360                 -            518    0.0048   13.0   0.0   1   1   1.1e-05    0.0054   12.8   0.0   223   256     6    38     2   190 0.84 NODE_1_length_1652082_cov_46.167482_907 # 912761 # 913882 # -1 # ID=1_907;partial=00;start_type=ATG;rbs_motif=None;rbs_spacer=None;gc_cont=0.431
NODE_3_length_245057_cov_46.274867:211053-211367|-    -            105 1360                 -            518     0.011   11.8   0.0   1   1   2.2e-05     0.012   11.7   0.0   359   413    49   103    29   104 0.85 NODE_3_length_245057_cov_46.274867_214 # 211053 # 211367 # -1 # ID=3_214;partial=00;start_type=ATG;rbs_motif=AGGAG;rbs_spacer=5-10bp;gc_cont=0.390
#
# Program:         hmmsearch
# Version:         3.4 (Aug 2023)
# Pipeline mode:   SEARCH
# Query file:      /sw/data/local/BUSCO_Data/v5/lineages/enterococcaceae_odb12/hmms/1360at81852.hmm
# Target file:     /home/dich3309/rnaseq-tnseq-enterococcus-analysis/analyses/03_assembly_evaluation/busco_enterococcaceae_odb12/spades_scaffolds_nanopore_illumina_enterococcaceae_odb12/prodigal_output/predicted_genes/predicted.faa
# Option settings: hmmsearch --domtblout /home/dich3309/rnaseq-tnseq-enterococcus-analysis/analyses/03_assembly_evaluation/busco_enterococcaceae_odb12/spades_scaffolds_nanopore_illumina_enterococcaceae_odb12/run_enterococcaceae_odb12/hmmer_output/1360at81852.out --cpu 1 /sw/data/local/BUSCO_Data/v5/lineages/enterococcaceae_odb12/hmms/1360at81852.hmm /home/dich3309/rnaseq-tnseq-enterococcus-analysis/analyses/03_assembly_evaluation/busco_enterococcaceae_odb12/spades_scaffolds_nanopore_illumina_enterococcaceae_odb12/prodigal_output/predicted_genes/predicted.faa 
# Current dir:     /gorilla/home/dich3309/rnaseq-tnseq-enterococcus-analysis/code
# Date:            Tue Apr 28 22:18:23 2026
# [ok]
