#                                                                                                             --- full sequence --- -------------- this domain -------------   hmm coord   ali coord   env coord
# target name                                         accession   tlen query name           accession   qlen   E-value  score  bias   #  of  c-Evalue  i-Evalue  score  bias  from    to  from    to  from    to  acc description of target
#                                 ------------------- ---------- ----- -------------------- ---------- ----- --------- ------ ----- --- --- --------- --------- ------ ----- ----- ----- ----- ----- ----- ----- ---- ---------------------
NODE_3_length_245057_cov_46.274867:108753-109487|+    -            245 18611                -            244  1.9e-130  431.2   0.2   1   1  3.5e-133  2.1e-130  431.0   0.2     1   244     1   244     1   244 0.99 NODE_3_length_245057_cov_46.274867_132 # 108753 # 109487 # 1 # ID=3_132;partial=00;start_type=ATG;rbs_motif=GGAGG;rbs_spacer=5-10bp;gc_cont=0.407
NODE_1_length_1652082_cov_46.167482:1363882-1364487|- -            202 18611                -            244   4.6e-08   30.4   0.0   1   1   9.9e-11   6.1e-08   30.0   0.0    32   122    48   136    22   147 0.80 NODE_1_length_1652082_cov_46.167482_1344 # 1363882 # 1364487 # -1 # ID=1_1344;partial=00;start_type=ATG;rbs_motif=AGxAGG/AGGxGG;rbs_spacer=5-10bp;gc_cont=0.416
NODE_1_length_1652082_cov_46.167482:556277-557116|-   -            280 18611                -            244   1.5e-05   22.2   0.0   1   1   3.6e-08   2.2e-05   21.6   0.0    45   166   115   238   106   262 0.79 NODE_1_length_1652082_cov_46.167482_543 # 556277 # 557116 # -1 # ID=1_543;partial=00;start_type=ATG;rbs_motif=GGA/GAG/AGG;rbs_spacer=11-12bp;gc_cont=0.385
NODE_2_length_840748_cov_42.698360:478255-478815|-    -            187 18611                -            244   0.00022   18.4   0.0   1   1   4.4e-07   0.00027   18.0   0.0    44   133    43   134    32   155 0.89 NODE_2_length_840748_cov_42.698360_462 # 478255 # 478815 # -1 # ID=2_462;partial=00;start_type=ATG;rbs_motif=AGGAG;rbs_spacer=5-10bp;gc_cont=0.392
NODE_2_length_840748_cov_42.698360:281261-282427|+    -            389 18611                -            244     0.005   13.9   0.0   1   2   2.6e-05     0.016   12.2   0.0    44   105   169   230   163   243 0.90 NODE_2_length_840748_cov_42.698360_273 # 281261 # 282427 # 1 # ID=2_273;partial=00;start_type=ATG;rbs_motif=AGGAGG;rbs_spacer=5-10bp;gc_cont=0.366
NODE_2_length_840748_cov_42.698360:281261-282427|+    -            389 18611                -            244     0.005   13.9   0.0   2   2      0.87   5.4e+02   -2.6   0.0   142   169   245   271   232   275 0.79 NODE_2_length_840748_cov_42.698360_273 # 281261 # 282427 # 1 # ID=2_273;partial=00;start_type=ATG;rbs_motif=AGGAGG;rbs_spacer=5-10bp;gc_cont=0.366
#
# Program:         hmmsearch
# Version:         3.4 (Aug 2023)
# Pipeline mode:   SEARCH
# Query file:      /sw/data/local/BUSCO_Data/v5/lineages/enterococcaceae_odb12/hmms/18611at81852.hmm
# Target file:     /home/dich3309/rnaseq-tnseq-enterococcus-analysis/analyses/03_assembly_evaluation/busco_enterococcaceae_odb12/spades_scaffolds_nanopore_illumina_enterococcaceae_odb12/prodigal_output/predicted_genes/predicted.faa
# Option settings: hmmsearch --domtblout /home/dich3309/rnaseq-tnseq-enterococcus-analysis/analyses/03_assembly_evaluation/busco_enterococcaceae_odb12/spades_scaffolds_nanopore_illumina_enterococcaceae_odb12/run_enterococcaceae_odb12/hmmer_output/18611at81852.out --cpu 1 /sw/data/local/BUSCO_Data/v5/lineages/enterococcaceae_odb12/hmms/18611at81852.hmm /home/dich3309/rnaseq-tnseq-enterococcus-analysis/analyses/03_assembly_evaluation/busco_enterococcaceae_odb12/spades_scaffolds_nanopore_illumina_enterococcaceae_odb12/prodigal_output/predicted_genes/predicted.faa 
# Current dir:     /gorilla/home/dich3309/rnaseq-tnseq-enterococcus-analysis/code
# Date:            Tue Apr 28 22:18:31 2026
# [ok]
