#                                                                                                             --- full sequence --- -------------- this domain -------------   hmm coord   ali coord   env coord
# target name                                         accession   tlen query name           accession   qlen   E-value  score  bias   #  of  c-Evalue  i-Evalue  score  bias  from    to  from    to  from    to  acc description of target
#                                 ------------------- ---------- ----- -------------------- ---------- ----- --------- ------ ----- --- --- --------- --------- ------ ----- ----- ----- ----- ----- ----- ----- ---- ---------------------
NODE_1_length_1652082_cov_46.167482:684011-685372|-   -            454 21142                -            451  2.6e-240  795.4   1.2   1   1  4.7e-243  2.9e-240  795.2   1.2     1   451     1   453     1   453 0.99 NODE_1_length_1652082_cov_46.167482_688 # 684011 # 685372 # -1 # ID=1_688;partial=00;start_type=ATG;rbs_motif=AGGAG;rbs_spacer=5-10bp;gc_cont=0.380
NODE_1_length_1652082_cov_46.167482:1220715-1222127|- -            471 21142                -            451   5.7e-28   95.4   1.4   1   1   1.4e-30   8.7e-28   94.8   1.4   111   425   119   453   109   464 0.82 NODE_1_length_1652082_cov_46.167482_1195 # 1220715 # 1222127 # -1 # ID=1_1195;partial=00;start_type=ATG;rbs_motif=GGA/GAG/AGG;rbs_spacer=5-10bp;gc_cont=0.418
NODE_2_length_840748_cov_42.698360:166261-167595|+    -            445 21142                -            451   6.1e-13   45.9   0.4   1   1   1.3e-14     8e-12   42.2   0.4     9   327     5   317     1   344 0.75 NODE_2_length_840748_cov_42.698360_154 # 166261 # 167595 # 1 # ID=2_154;partial=00;start_type=ATG;rbs_motif=GGAG/GAGG;rbs_spacer=5-10bp;gc_cont=0.383
NODE_1_length_1652082_cov_46.167482:564844-566196|+   -            451 21142                -            451   1.6e-11   41.2   1.5   1   2   8.1e-10     5e-07   26.4   0.4   111   269    48   214    41   223 0.69 NODE_1_length_1652082_cov_46.167482_554 # 564844 # 566196 # 1 # ID=1_554;partial=00;start_type=ATG;rbs_motif=GGAGG;rbs_spacer=5-10bp;gc_cont=0.381
NODE_1_length_1652082_cov_46.167482:564844-566196|+   -            451 21142                -            451   1.6e-11   41.2   1.5   2   2   5.7e-06    0.0035   13.7   0.0   273   317   264   308   251   322 0.82 NODE_1_length_1652082_cov_46.167482_554 # 564844 # 566196 # 1 # ID=1_554;partial=00;start_type=ATG;rbs_motif=GGAGG;rbs_spacer=5-10bp;gc_cont=0.381
NODE_3_length_245057_cov_46.274867:205239-206744|+    -            502 21142                -            451   3.1e-11   40.2   3.0   1   1   1.2e-12   7.3e-10   35.7   3.0    93   373    94   414    67   481 0.66 NODE_3_length_245057_cov_46.274867_209 # 205239 # 206744 # 1 # ID=3_209;partial=00;start_type=ATG;rbs_motif=GGAG/GAGG;rbs_spacer=5-10bp;gc_cont=0.386
#
# Program:         hmmsearch
# Version:         3.4 (Aug 2023)
# Pipeline mode:   SEARCH
# Query file:      /sw/data/local/BUSCO_Data/v5/lineages/enterococcaceae_odb12/hmms/21142at81852.hmm
# Target file:     /home/dich3309/rnaseq-tnseq-enterococcus-analysis/analyses/03_assembly_evaluation/busco_enterococcaceae_odb12/spades_scaffolds_nanopore_illumina_enterococcaceae_odb12/prodigal_output/predicted_genes/predicted.faa
# Option settings: hmmsearch --domtblout /home/dich3309/rnaseq-tnseq-enterococcus-analysis/analyses/03_assembly_evaluation/busco_enterococcaceae_odb12/spades_scaffolds_nanopore_illumina_enterococcaceae_odb12/run_enterococcaceae_odb12/hmmer_output/21142at81852.out --cpu 1 /sw/data/local/BUSCO_Data/v5/lineages/enterococcaceae_odb12/hmms/21142at81852.hmm /home/dich3309/rnaseq-tnseq-enterococcus-analysis/analyses/03_assembly_evaluation/busco_enterococcaceae_odb12/spades_scaffolds_nanopore_illumina_enterococcaceae_odb12/prodigal_output/predicted_genes/predicted.faa 
# Current dir:     /gorilla/home/dich3309/rnaseq-tnseq-enterococcus-analysis/code
# Date:            Tue Apr 28 22:18:37 2026
# [ok]
