#                                                                                                             --- full sequence --- -------------- this domain -------------   hmm coord   ali coord   env coord
# target name                                         accession   tlen query name           accession   qlen   E-value  score  bias   #  of  c-Evalue  i-Evalue  score  bias  from    to  from    to  from    to  acc description of target
#                                 ------------------- ---------- ----- -------------------- ---------- ----- --------- ------ ----- --- --- --------- --------- ------ ----- ----- ----- ----- ----- ----- ----- ---- ---------------------
NODE_1_length_1652082_cov_46.167482:1620832-1622190|+ -            453 27696                -            447  7.5e-226  747.7   0.0   1   1  1.4e-228  8.5e-226  747.6   0.0     2   447     5   452     4   452 0.99 NODE_1_length_1652082_cov_46.167482_1570 # 1620832 # 1622190 # 1 # ID=1_1570;partial=00;start_type=ATG;rbs_motif=AGxAGG/AGGxGG;rbs_spacer=5-10bp;gc_cont=0.412
NODE_1_length_1652082_cov_46.167482:478680-480050|-   -            457 27696                -            447   3.2e-44  149.1   0.0   1   1   6.6e-47   4.1e-44  148.7   0.0   152   444     7   300     3   303 0.83 NODE_1_length_1652082_cov_46.167482_475 # 478680 # 480050 # -1 # ID=1_475;partial=00;start_type=ATG;rbs_motif=None;rbs_spacer=None;gc_cont=0.403
NODE_1_length_1652082_cov_46.167482:698786-699235|-   -            150 27696                -            447   2.8e-14   50.4   0.1   1   1   5.4e-17   3.3e-14   50.2   0.1    46   131    55   143     2   146 0.71 NODE_1_length_1652082_cov_46.167482_704 # 698786 # 699235 # -1 # ID=1_704;partial=00;start_type=ATG;rbs_motif=GGAG/GAGG;rbs_spacer=5-10bp;gc_cont=0.376
NODE_3_length_245057_cov_46.274867:233176-233742|+    -            189 27696                -            447   4.7e-05   20.0   0.0   1   1     1e-07   6.4e-05   19.5   0.0   253   309    18    74     9    91 0.91 NODE_3_length_245057_cov_46.274867_228 # 233176 # 233742 # 1 # ID=3_228;partial=00;start_type=ATG;rbs_motif=GGA/GAG/AGG;rbs_spacer=5-10bp;gc_cont=0.409
NODE_1_length_1652082_cov_46.167482:713386-714069|-   -            228 27696                -            447    0.0026   14.2   0.0   1   1   5.6e-06    0.0035   13.8   0.0   255   318    62   125    44   143 0.85 NODE_1_length_1652082_cov_46.167482_720 # 713386 # 714069 # -1 # ID=1_720;partial=00;start_type=ATG;rbs_motif=AGGAGG;rbs_spacer=5-10bp;gc_cont=0.402
#
# Program:         hmmsearch
# Version:         3.4 (Aug 2023)
# Pipeline mode:   SEARCH
# Query file:      /sw/data/local/BUSCO_Data/v5/lineages/enterococcaceae_odb12/hmms/27696at81852.hmm
# Target file:     /home/dich3309/rnaseq-tnseq-enterococcus-analysis/analyses/03_assembly_evaluation/busco_enterococcaceae_odb12/spades_scaffolds_nanopore_illumina_enterococcaceae_odb12/prodigal_output/predicted_genes/predicted.faa
# Option settings: hmmsearch --domtblout /home/dich3309/rnaseq-tnseq-enterococcus-analysis/analyses/03_assembly_evaluation/busco_enterococcaceae_odb12/spades_scaffolds_nanopore_illumina_enterococcaceae_odb12/run_enterococcaceae_odb12/hmmer_output/27696at81852.out --cpu 1 /sw/data/local/BUSCO_Data/v5/lineages/enterococcaceae_odb12/hmms/27696at81852.hmm /home/dich3309/rnaseq-tnseq-enterococcus-analysis/analyses/03_assembly_evaluation/busco_enterococcaceae_odb12/spades_scaffolds_nanopore_illumina_enterococcaceae_odb12/prodigal_output/predicted_genes/predicted.faa 
# Current dir:     /gorilla/home/dich3309/rnaseq-tnseq-enterococcus-analysis/code
# Date:            Tue Apr 28 22:18:46 2026
# [ok]
