#                                                                                                             --- full sequence --- -------------- this domain -------------   hmm coord   ali coord   env coord
# target name                                         accession   tlen query name           accession   qlen   E-value  score  bias   #  of  c-Evalue  i-Evalue  score  bias  from    to  from    to  from    to  acc description of target
#                                 ------------------- ---------- ----- -------------------- ---------- ----- --------- ------ ----- --- --- --------- --------- ------ ----- ----- ----- ----- ----- ----- ----- ---- ---------------------
NODE_1_length_1652082_cov_46.167482:1599226-1600032|- -            269 28272                -            266   3.5e-96  319.0   6.6   1   1   5.2e-99     4e-96  318.8   6.6     1   265     1   264     1   265 0.98 NODE_1_length_1652082_cov_46.167482_1550 # 1599226 # 1600032 # -1 # ID=1_1550;partial=00;start_type=ATG;rbs_motif=AGGAG;rbs_spacer=5-10bp;gc_cont=0.413
NODE_2_length_840748_cov_42.698360:767753-768640|-    -            296 28272                -            266    0.0003   17.6   0.2   1   2   1.1e-06   0.00086   16.1   0.0     1    69     1    64     1   104 0.86 NODE_2_length_840748_cov_42.698360_728 # 767753 # 768640 # -1 # ID=2_728;partial=00;start_type=ATG;rbs_motif=AGGAGG;rbs_spacer=5-10bp;gc_cont=0.395
NODE_2_length_840748_cov_42.698360:767753-768640|-    -            296 28272                -            266    0.0003   17.6   0.2   2   2      0.24   1.9e+02   -1.4   0.1   192   226   165   200   158   210 0.71 NODE_2_length_840748_cov_42.698360_728 # 767753 # 768640 # -1 # ID=2_728;partial=00;start_type=ATG;rbs_motif=AGGAGG;rbs_spacer=5-10bp;gc_cont=0.395
NODE_1_length_1652082_cov_46.167482:796070-796990|-   -            307 28272                -            266     0.006   13.3   0.1   1   1   1.2e-05    0.0093   12.7   0.1     1    61     1    61     1   132 0.76 NODE_1_length_1652082_cov_46.167482_797 # 796070 # 796990 # -1 # ID=1_797;partial=00;start_type=ATG;rbs_motif=AGGAGG;rbs_spacer=5-10bp;gc_cont=0.352
NODE_1_length_1652082_cov_46.167482:666728-668005|-   -            426 28272                -            266     0.011   12.5   0.3   1   2   4.8e-05     0.037   10.8   0.3    26   115   117   201    69   205 0.86 NODE_1_length_1652082_cov_46.167482_673 # 666728 # 668005 # -1 # ID=1_673;partial=00;start_type=ATG;rbs_motif=GGAG/GAGG;rbs_spacer=5-10bp;gc_cont=0.384
NODE_1_length_1652082_cov_46.167482:666728-668005|-   -            426 28272                -            266     0.011   12.5   0.3   2   2      0.28   2.2e+02   -1.6   0.0    17    47   350   380   349   393 0.80 NODE_1_length_1652082_cov_46.167482_673 # 666728 # 668005 # -1 # ID=1_673;partial=00;start_type=ATG;rbs_motif=GGAG/GAGG;rbs_spacer=5-10bp;gc_cont=0.384
#
# Program:         hmmsearch
# Version:         3.4 (Aug 2023)
# Pipeline mode:   SEARCH
# Query file:      /sw/data/local/BUSCO_Data/v5/lineages/enterococcaceae_odb12/hmms/28272at81852.hmm
# Target file:     /home/dich3309/rnaseq-tnseq-enterococcus-analysis/analyses/03_assembly_evaluation/busco_enterococcaceae_odb12/spades_scaffolds_nanopore_illumina_enterococcaceae_odb12/prodigal_output/predicted_genes/predicted.faa
# Option settings: hmmsearch --domtblout /home/dich3309/rnaseq-tnseq-enterococcus-analysis/analyses/03_assembly_evaluation/busco_enterococcaceae_odb12/spades_scaffolds_nanopore_illumina_enterococcaceae_odb12/run_enterococcaceae_odb12/hmmer_output/28272at81852.out --cpu 1 /sw/data/local/BUSCO_Data/v5/lineages/enterococcaceae_odb12/hmms/28272at81852.hmm /home/dich3309/rnaseq-tnseq-enterococcus-analysis/analyses/03_assembly_evaluation/busco_enterococcaceae_odb12/spades_scaffolds_nanopore_illumina_enterococcaceae_odb12/prodigal_output/predicted_genes/predicted.faa 
# Current dir:     /gorilla/home/dich3309/rnaseq-tnseq-enterococcus-analysis/code
# Date:            Tue Apr 28 22:18:49 2026
# [ok]
