#                                                                                                             --- full sequence --- -------------- this domain -------------   hmm coord   ali coord   env coord
# target name                                         accession   tlen query name           accession   qlen   E-value  score  bias   #  of  c-Evalue  i-Evalue  score  bias  from    to  from    to  from    to  acc description of target
#                                 ------------------- ---------- ----- -------------------- ---------- ----- --------- ------ ----- --- --- --------- --------- ------ ----- ----- ----- ----- ----- ----- ----- ---- ---------------------
NODE_2_length_840748_cov_42.698360:612867-613547|-    -            227 8931                 -            222  8.1e-112  369.8   3.7   1   1  8.8e-115  9.1e-112  369.7   3.7     1   221     1   221     1   222 0.99 NODE_2_length_840748_cov_42.698360_590 # 612867 # 613547 # -1 # ID=2_590;partial=00;start_type=ATG;rbs_motif=AGGAG;rbs_spacer=5-10bp;gc_cont=0.407
NODE_1_length_1652082_cov_46.167482:1289647-1290402|- -            252 8931                 -            222    0.0068   13.6   0.4   1   2   0.00014      0.14    9.3   0.0     7    35    31    63    26   120 0.70 NODE_1_length_1652082_cov_46.167482_1263 # 1289647 # 1290402 # -1 # ID=1_1263;partial=00;start_type=ATG;rbs_motif=AGGA;rbs_spacer=5-10bp;gc_cont=0.362
NODE_1_length_1652082_cov_46.167482:1289647-1290402|- -            252 8931                 -            222    0.0068   13.6   0.4   2   2     0.018        19    2.4   0.3    17    82   144   211   133   236 0.65 NODE_1_length_1652082_cov_46.167482_1263 # 1289647 # 1290402 # -1 # ID=1_1263;partial=00;start_type=ATG;rbs_motif=AGGA;rbs_spacer=5-10bp;gc_cont=0.362
NODE_1_length_1652082_cov_46.167482:414447-416381|+   -            645 8931                 -            222     0.014   12.6   0.6   1   3     0.011        11    3.1   0.0     5    24    31    50    27   103 0.86 NODE_1_length_1652082_cov_46.167482_420 # 414447 # 416381 # 1 # ID=1_420;partial=00;start_type=ATG;rbs_motif=GGAG/GAGG;rbs_spacer=5-10bp;gc_cont=0.402
NODE_1_length_1652082_cov_46.167482:414447-416381|+   -            645 8931                 -            222     0.014   12.6   0.6   2   3      0.11   1.1e+02   -0.1   0.4   149   178   234   263   227   296 0.82 NODE_1_length_1652082_cov_46.167482_420 # 414447 # 416381 # 1 # ID=1_420;partial=00;start_type=ATG;rbs_motif=GGAG/GAGG;rbs_spacer=5-10bp;gc_cont=0.402
NODE_1_length_1652082_cov_46.167482:414447-416381|+   -            645 8931                 -            222     0.014   12.6   0.6   3   3    0.0024       2.5    5.2   0.0     5    31   356   382   352   442 0.82 NODE_1_length_1652082_cov_46.167482_420 # 414447 # 416381 # 1 # ID=1_420;partial=00;start_type=ATG;rbs_motif=GGAG/GAGG;rbs_spacer=5-10bp;gc_cont=0.402
#
# Program:         hmmsearch
# Version:         3.4 (Aug 2023)
# Pipeline mode:   SEARCH
# Query file:      /sw/data/local/BUSCO_Data/v5/lineages/enterococcaceae_odb12/hmms/8931at81852.hmm
# Target file:     /home/dich3309/rnaseq-tnseq-enterococcus-analysis/analyses/03_assembly_evaluation/busco_enterococcaceae_odb12/spades_scaffolds_nanopore_illumina_enterococcaceae_odb12/prodigal_output/predicted_genes/predicted.faa
# Option settings: hmmsearch --domtblout /home/dich3309/rnaseq-tnseq-enterococcus-analysis/analyses/03_assembly_evaluation/busco_enterococcaceae_odb12/spades_scaffolds_nanopore_illumina_enterococcaceae_odb12/run_enterococcaceae_odb12/hmmer_output/8931at81852.out --cpu 1 /sw/data/local/BUSCO_Data/v5/lineages/enterococcaceae_odb12/hmms/8931at81852.hmm /home/dich3309/rnaseq-tnseq-enterococcus-analysis/analyses/03_assembly_evaluation/busco_enterococcaceae_odb12/spades_scaffolds_nanopore_illumina_enterococcaceae_odb12/prodigal_output/predicted_genes/predicted.faa 
# Current dir:     /gorilla/home/dich3309/rnaseq-tnseq-enterococcus-analysis/code
# Date:            Tue Apr 28 22:18:54 2026
# [ok]
