#                                                                                                        --- full sequence --- -------------- this domain -------------   hmm coord   ali coord   env coord
# target name                                    accession   tlen query name           accession   qlen   E-value  score  bias   #  of  c-Evalue  i-Evalue  score  bias  from    to  from    to  from    to  acc description of target
#                            ------------------- ---------- ----- -------------------- ---------- ----- --------- ------ ----- --- --- --------- --------- ------ ----- ----- ----- ----- ----- ----- ----- ---- ---------------------
NODE_46_length_18735_cov_33.806049:10951-11760|- -            270 16545                -            267  3.5e-156  515.6   0.2   1   1    8e-159  4.1e-156  515.4   0.2     2   267     4   269     3   269 0.99 NODE_46_length_18735_cov_33.806049_21 # 10951 # 11760 # -1 # ID=46_21;partial=00;start_type=ATG;rbs_motif=AGxAGG/AGGxGG;rbs_spacer=5-10bp;gc_cont=0.404
NODE_2_length_109676_cov_33.984218:67258-67998|- -            247 16545                -            267   1.3e-07   28.6   0.2   1   1   4.8e-10   2.5e-07   27.6   0.2    23   171    25   183    15   192 0.70 NODE_2_length_109676_cov_33.984218_76 # 67258 # 67998 # -1 # ID=2_76;partial=00;start_type=ATG;rbs_motif=AGxAGG/AGGxGG;rbs_spacer=5-10bp;gc_cont=0.374
NODE_64_length_11014_cov_39.830733:9092-9916|+   -            275 16545                -            267   3.5e-07   27.1   0.1   1   1   9.8e-10     5e-07   26.6   0.1    15    82    19    84     8   120 0.84 NODE_64_length_11014_cov_39.830733_9 # 9092 # 9916 # 1 # ID=64_9;partial=00;start_type=GTG;rbs_motif=AGGAG;rbs_spacer=5-10bp;gc_cont=0.350
NODE_5_length_100374_cov_29.640417:83827-84453|- -            209 16545                -            267   9.7e-06   22.4   0.0   1   1   2.5e-08   1.3e-05   22.0   0.0    18    84    14    77     1    91 0.74 NODE_5_length_100374_cov_29.640417_79 # 83827 # 84453 # -1 # ID=5_79;partial=00;start_type=ATG;rbs_motif=AGGAGG;rbs_spacer=5-10bp;gc_cont=0.400
NODE_28_length_32648_cov_29.742705:21488-23167|- -            560 16545                -            267   1.1e-05   22.2   0.0   1   1     4e-08   2.1e-05   21.3   0.0    45   126    59   143     8   150 0.74 NODE_28_length_32648_cov_29.742705_20 # 21488 # 23167 # -1 # ID=28_20;partial=00;start_type=ATG;rbs_motif=GGAG/GAGG;rbs_spacer=5-10bp;gc_cont=0.424
NODE_29_length_31200_cov_30.116648:12334-13014|+ -            227 16545                -            267    0.0014   15.3   0.1   1   1   5.8e-06     0.003   14.3   0.1    20   153    11   147     4   152 0.62 NODE_29_length_31200_cov_30.116648_11 # 12334 # 13014 # 1 # ID=29_11;partial=00;start_type=ATG;rbs_motif=GGAG/GAGG;rbs_spacer=5-10bp;gc_cont=0.404
#
# Program:         hmmsearch
# Version:         3.4 (Aug 2023)
# Pipeline mode:   SEARCH
# Query file:      /sw/data/local/BUSCO_Data/v5/lineages/enterococcaceae_odb12/hmms/16545at81852.hmm
# Target file:     /home/dich3309/rnaseq-tnseq-enterococcus-analysis/analyses/03_assembly_evaluation/busco_enterococcaceae_odb12/spades_scaffolds_illumina_enterococcaceae_odb12/prodigal_output/predicted_genes/predicted.faa
# Option settings: hmmsearch --domtblout /home/dich3309/rnaseq-tnseq-enterococcus-analysis/analyses/03_assembly_evaluation/busco_enterococcaceae_odb12/spades_scaffolds_illumina_enterococcaceae_odb12/run_enterococcaceae_odb12/hmmer_output/16545at81852.out --cpu 1 /sw/data/local/BUSCO_Data/v5/lineages/enterococcaceae_odb12/hmms/16545at81852.hmm /home/dich3309/rnaseq-tnseq-enterococcus-analysis/analyses/03_assembly_evaluation/busco_enterococcaceae_odb12/spades_scaffolds_illumina_enterococcaceae_odb12/prodigal_output/predicted_genes/predicted.faa 
# Current dir:     /gorilla/home/dich3309/rnaseq-tnseq-enterococcus-analysis/code
# Date:            Tue Apr 28 22:17:46 2026
# [ok]
