#                                                                                                        --- full sequence --- -------------- this domain -------------   hmm coord   ali coord   env coord
# target name                                    accession   tlen query name           accession   qlen   E-value  score  bias   #  of  c-Evalue  i-Evalue  score  bias  from    to  from    to  from    to  acc description of target
#                            ------------------- ---------- ----- -------------------- ---------- ----- --------- ------ ----- --- --- --------- --------- ------ ----- ----- ----- ----- ----- ----- ----- ---- ---------------------
NODE_58_length_13923_cov_28.107802:4024-4536|-   -            171 16922                -            170  2.2e-106  350.6   1.1   1   1  3.9e-109  2.4e-106  350.4   1.1     1   170     1   170     1   170 1.00 NODE_58_length_13923_cov_28.107802_5 # 4024 # 4536 # -1 # ID=58_5;partial=00;start_type=GTG;rbs_motif=AGGAGG;rbs_spacer=5-10bp;gc_cont=0.417
NODE_13_length_59599_cov_35.538241:14114-14932|+ -            273 16922                -            170   6.4e-15   52.8   0.1   1   1   1.5e-17   9.1e-15   52.3   0.1    23   164   105   248    79   253 0.89 NODE_13_length_59599_cov_35.538241_12 # 14114 # 14932 # 1 # ID=13_12;partial=00;start_type=GTG;rbs_motif=AGGAG;rbs_spacer=5-10bp;gc_cont=0.400
NODE_5_length_100374_cov_29.640417:24353-24934|+ -            194 16922                -            170   1.5e-10   38.6   0.1   1   1     3e-13   1.9e-10   38.3   0.1    36   163    38   169    17   176 0.85 NODE_5_length_100374_cov_29.640417_26 # 24353 # 24934 # 1 # ID=5_26;partial=00;start_type=GTG;rbs_motif=AGGAG;rbs_spacer=5-10bp;gc_cont=0.402
NODE_23_length_43480_cov_29.402948:4692-5321|-   -            210 16922                -            170   0.00011   19.5   0.0   1   1   2.4e-07   0.00015   19.1   0.0   107   164   111   168    82   176 0.87 NODE_23_length_43480_cov_29.402948_5 # 4692 # 5321 # -1 # ID=23_5;partial=00;start_type=ATG;rbs_motif=GGAG/GAGG;rbs_spacer=5-10bp;gc_cont=0.394
NODE_23_length_43480_cov_29.402948:15604-16143|- -            180 16922                -            170   0.00014   19.2   0.5   1   2     2e-06    0.0012   16.1   0.2    37   139    20   123     4   153 0.63 NODE_23_length_43480_cov_29.402948_15 # 15604 # 16143 # -1 # ID=23_15;partial=00;start_type=ATG;rbs_motif=AGxAGG/AGGxGG;rbs_spacer=5-10bp;gc_cont=0.404
NODE_23_length_43480_cov_29.402948:15604-16143|- -            180 16922                -            170   0.00014   19.2   0.5   2   2      0.16        97    0.2   0.0   146   159   159   172   146   176 0.89 NODE_23_length_43480_cov_29.402948_15 # 15604 # 16143 # -1 # ID=23_15;partial=00;start_type=ATG;rbs_motif=AGxAGG/AGGxGG;rbs_spacer=5-10bp;gc_cont=0.404
#
# Program:         hmmsearch
# Version:         3.4 (Aug 2023)
# Pipeline mode:   SEARCH
# Query file:      /sw/data/local/BUSCO_Data/v5/lineages/enterococcaceae_odb12/hmms/16922at81852.hmm
# Target file:     /home/dich3309/rnaseq-tnseq-enterococcus-analysis/analyses/03_assembly_evaluation/busco_enterococcaceae_odb12/spades_scaffolds_illumina_enterococcaceae_odb12/prodigal_output/predicted_genes/predicted.faa
# Option settings: hmmsearch --domtblout /home/dich3309/rnaseq-tnseq-enterococcus-analysis/analyses/03_assembly_evaluation/busco_enterococcaceae_odb12/spades_scaffolds_illumina_enterococcaceae_odb12/run_enterococcaceae_odb12/hmmer_output/16922at81852.out --cpu 1 /sw/data/local/BUSCO_Data/v5/lineages/enterococcaceae_odb12/hmms/16922at81852.hmm /home/dich3309/rnaseq-tnseq-enterococcus-analysis/analyses/03_assembly_evaluation/busco_enterococcaceae_odb12/spades_scaffolds_illumina_enterococcaceae_odb12/prodigal_output/predicted_genes/predicted.faa 
# Current dir:     /gorilla/home/dich3309/rnaseq-tnseq-enterococcus-analysis/code
# Date:            Tue Apr 28 22:17:47 2026
# [ok]
