#                                                                                                          --- full sequence --- -------------- this domain -------------   hmm coord   ali coord   env coord
# target name                                      accession   tlen query name           accession   qlen   E-value  score  bias   #  of  c-Evalue  i-Evalue  score  bias  from    to  from    to  from    to  acc description of target
#                              ------------------- ---------- ----- -------------------- ---------- ----- --------- ------ ----- --- --- --------- --------- ------ ----- ----- ----- ----- ----- ----- ----- ---- ---------------------
NODE_22_length_43520_cov_30.536294:11284-12840|+   -            519 17397                -            508         0 1072.6   3.2   1   1         0         0 1072.3   3.2     1   506     1   506     1   508 0.99 NODE_22_length_43520_cov_30.536294_14 # 11284 # 12840 # 1 # ID=22_14;partial=00;start_type=ATG;rbs_motif=GGA/GAG/AGG;rbs_spacer=5-10bp;gc_cont=0.411
NODE_6_length_99885_cov_29.307212:77346-78722|+    -            459 17397                -            508     1e-36  124.0   0.2   1   1   2.1e-39   1.3e-36  123.7   0.2    55   389    34   376     4   399 0.86 NODE_6_length_99885_cov_29.307212_76 # 77346 # 78722 # 1 # ID=6_76;partial=00;start_type=ATG;rbs_motif=AGGAGG;rbs_spacer=5-10bp;gc_cont=0.424
NODE_22_length_43520_cov_30.536294:13779-15185|+   -            469 17397                -            508   3.2e-27   92.7   0.8   1   1   6.8e-30   4.1e-27   92.3   0.8    71   424    56   411    31   418 0.88 NODE_22_length_43520_cov_30.536294_16 # 13779 # 15185 # 1 # ID=22_16;partial=00;start_type=ATG;rbs_motif=GGAGG;rbs_spacer=5-10bp;gc_cont=0.420
NODE_6_length_99885_cov_29.307212:75572-77353|+    -            594 17397                -            508   5.3e-20   68.9   0.8   1   2    0.0011      0.69    5.8   0.5    56   124    32   100     2   116 0.82 NODE_6_length_99885_cov_29.307212_75 # 75572 # 77353 # 1 # ID=6_75;partial=00;start_type=TTG;rbs_motif=AGGAG;rbs_spacer=5-10bp;gc_cont=0.428
NODE_6_length_99885_cov_29.307212:75572-77353|+    -            594 17397                -            508   5.3e-20   68.9   0.8   2   2     2e-20   1.2e-17   61.1   0.0   126   359   190   430   152   448 0.81 NODE_6_length_99885_cov_29.307212_75 # 75572 # 77353 # 1 # ID=6_75;partial=00;start_type=TTG;rbs_motif=AGGAG;rbs_spacer=5-10bp;gc_cont=0.428
NODE_2_length_109676_cov_33.984218:100619-101914|- -            432 17397                -            508    0.0012   15.0   0.0   1   1   3.6e-06    0.0022   14.1   0.0   144   179   153   188   119   216 0.77 NODE_2_length_109676_cov_33.984218_110 # 100619 # 101914 # -1 # ID=2_110;partial=00;start_type=ATG;rbs_motif=GGA/GAG/AGG;rbs_spacer=5-10bp;gc_cont=0.395
#
# Program:         hmmsearch
# Version:         3.4 (Aug 2023)
# Pipeline mode:   SEARCH
# Query file:      /sw/data/local/BUSCO_Data/v5/lineages/enterococcaceae_odb12/hmms/17397at81852.hmm
# Target file:     /home/dich3309/rnaseq-tnseq-enterococcus-analysis/analyses/03_assembly_evaluation/busco_enterococcaceae_odb12/spades_scaffolds_illumina_enterococcaceae_odb12/prodigal_output/predicted_genes/predicted.faa
# Option settings: hmmsearch --domtblout /home/dich3309/rnaseq-tnseq-enterococcus-analysis/analyses/03_assembly_evaluation/busco_enterococcaceae_odb12/spades_scaffolds_illumina_enterococcaceae_odb12/run_enterococcaceae_odb12/hmmer_output/17397at81852.out --cpu 1 /sw/data/local/BUSCO_Data/v5/lineages/enterococcaceae_odb12/hmms/17397at81852.hmm /home/dich3309/rnaseq-tnseq-enterococcus-analysis/analyses/03_assembly_evaluation/busco_enterococcaceae_odb12/spades_scaffolds_illumina_enterococcaceae_odb12/prodigal_output/predicted_genes/predicted.faa 
# Current dir:     /gorilla/home/dich3309/rnaseq-tnseq-enterococcus-analysis/code
# Date:            Tue Apr 28 22:17:49 2026
# [ok]
