#                                                                                                        --- full sequence --- -------------- this domain -------------   hmm coord   ali coord   env coord
# target name                                    accession   tlen query name           accession   qlen   E-value  score  bias   #  of  c-Evalue  i-Evalue  score  bias  from    to  from    to  from    to  acc description of target
#                            ------------------- ---------- ----- -------------------- ---------- ----- --------- ------ ----- --- --- --------- --------- ------ ----- ----- ----- ----- ----- ----- ----- ---- ---------------------
NODE_4_length_101830_cov_39.048283:6210-7694|-   -            495 17999                -            493         0 1062.2  10.7   1   1         0         0 1062.0  10.7     1   493     1   493     1   493 1.00 NODE_4_length_101830_cov_39.048283_4 # 6210 # 7694 # -1 # ID=4_4;partial=00;start_type=ATG;rbs_motif=AGGAG/GGAGG;rbs_spacer=11-12bp;gc_cont=0.420
NODE_5_length_100374_cov_29.640417:49720-50697|+ -            326 17999                -            493   4.2e-49  165.0   2.2   1   2   6.2e-06    0.0038   13.4   0.0    12    76     3    67     1    83 0.86 NODE_5_length_100374_cov_29.640417_48 # 49720 # 50697 # 1 # ID=5_48;partial=00;start_type=ATG;rbs_motif=AGGAGG;rbs_spacer=5-10bp;gc_cont=0.398
NODE_5_length_100374_cov_29.640417:49720-50697|+ -            326 17999                -            493   4.2e-49  165.0   2.2   2   2   6.1e-47   3.7e-44  148.7   1.8   217   462    79   310    68   319 0.89 NODE_5_length_100374_cov_29.640417_48 # 49720 # 50697 # 1 # ID=5_48;partial=00;start_type=ATG;rbs_motif=AGGAGG;rbs_spacer=5-10bp;gc_cont=0.398
NODE_31_length_29314_cov_34.815612:4055-5416|+   -            454 17999                -            493   4.4e-08   29.7   1.0   1   1   9.6e-11   5.9e-08   29.3   1.0   127   220   177   265    89   273 0.79 NODE_31_length_29314_cov_34.815612_6 # 4055 # 5416 # 1 # ID=31_6;partial=00;start_type=TTG;rbs_motif=GGAG/GAGG;rbs_spacer=5-10bp;gc_cont=0.412
NODE_26_length_34327_cov_44.144053:24668-25843|- -            392 17999                -            493    0.0028   13.9   1.2   1   1   2.3e-05     0.014   11.5   1.2   101   205   259   360   248   375 0.80 NODE_26_length_34327_cov_44.144053_25 # 24668 # 25843 # -1 # ID=26_25;partial=00;start_type=ATG;rbs_motif=GGAG/GAGG;rbs_spacer=5-10bp;gc_cont=0.416
NODE_12_length_78125_cov_33.572102:34291-35409|- -            373 17999                -            493     0.016   11.4   0.0   1   1   3.7e-05     0.023   10.9   0.0   237   356   144   267   140   274 0.80 NODE_12_length_78125_cov_33.572102_33 # 34291 # 35409 # -1 # ID=12_33;partial=00;start_type=ATG;rbs_motif=AGxAGG/AGGxGG;rbs_spacer=5-10bp;gc_cont=0.389
#
# Program:         hmmsearch
# Version:         3.4 (Aug 2023)
# Pipeline mode:   SEARCH
# Query file:      /sw/data/local/BUSCO_Data/v5/lineages/enterococcaceae_odb12/hmms/17999at81852.hmm
# Target file:     /home/dich3309/rnaseq-tnseq-enterococcus-analysis/analyses/03_assembly_evaluation/busco_enterococcaceae_odb12/spades_scaffolds_illumina_enterococcaceae_odb12/prodigal_output/predicted_genes/predicted.faa
# Option settings: hmmsearch --domtblout /home/dich3309/rnaseq-tnseq-enterococcus-analysis/analyses/03_assembly_evaluation/busco_enterococcaceae_odb12/spades_scaffolds_illumina_enterococcaceae_odb12/run_enterococcaceae_odb12/hmmer_output/17999at81852.out --cpu 1 /sw/data/local/BUSCO_Data/v5/lineages/enterococcaceae_odb12/hmms/17999at81852.hmm /home/dich3309/rnaseq-tnseq-enterococcus-analysis/analyses/03_assembly_evaluation/busco_enterococcaceae_odb12/spades_scaffolds_illumina_enterococcaceae_odb12/prodigal_output/predicted_genes/predicted.faa 
# Current dir:     /gorilla/home/dich3309/rnaseq-tnseq-enterococcus-analysis/code
# Date:            Tue Apr 28 22:17:51 2026
# [ok]
