#                                                                                                        --- full sequence --- -------------- this domain -------------   hmm coord   ali coord   env coord
# target name                                    accession   tlen query name           accession   qlen   E-value  score  bias   #  of  c-Evalue  i-Evalue  score  bias  from    to  from    to  from    to  acc description of target
#                            ------------------- ---------- ----- -------------------- ---------- ----- --------- ------ ----- --- --- --------- --------- ------ ----- ----- ----- ----- ----- ----- ----- ---- ---------------------
NODE_31_length_29314_cov_34.815612:3138-4037|+   -            300 18978                -            297    2e-159  527.5   1.4   1   1  4.4e-162  2.3e-159  527.3   1.4     1   295     1   295     1   297 0.99 NODE_31_length_29314_cov_34.815612_5 # 3138 # 4037 # 1 # ID=31_5;partial=00;start_type=ATG;rbs_motif=GGAG/GAGG;rbs_spacer=5-10bp;gc_cont=0.410
NODE_23_length_43480_cov_29.402948:16378-17289|- -            304 18978                -            297   2.7e-66  221.8   0.1   1   1   6.5e-69   3.3e-66  221.5   0.1    34   295    35   295    26   297 0.96 NODE_23_length_43480_cov_29.402948_16 # 16378 # 17289 # -1 # ID=23_16;partial=00;start_type=ATG;rbs_motif=AGGA/GGAG/GAGG;rbs_spacer=11-12bp;gc_cont=0.414
NODE_9_length_85202_cov_37.123657:28610-29467|+  -            286 18978                -            297   2.7e-50  169.2   4.0   1   1   6.5e-53   3.3e-50  168.9   4.0    38   281    39   276    10   281 0.91 NODE_9_length_85202_cov_37.123657_23 # 28610 # 29467 # 1 # ID=9_23;partial=00;start_type=GTG;rbs_motif=AGGAG;rbs_spacer=5-10bp;gc_cont=0.400
NODE_9_length_85202_cov_37.123657:46188-46907|-  -            240 18978                -            297   4.9e-10   37.1   3.8   1   1   1.3e-11   6.6e-09   33.4   3.8    80   244    55   202     1   207 0.79 NODE_9_length_85202_cov_37.123657_35 # 46188 # 46907 # -1 # ID=9_35;partial=00;start_type=ATG;rbs_motif=GGxGG;rbs_spacer=5-10bp;gc_cont=0.382
NODE_11_length_80003_cov_31.743608:6622-7338|+   -            239 18978                -            297   4.9e-08   30.5   1.4   1   1   1.9e-09   9.5e-07   26.3   1.4    66   245    43   201     2   218 0.73 NODE_11_length_80003_cov_31.743608_9 # 6622 # 7338 # 1 # ID=11_9;partial=00;start_type=ATG;rbs_motif=AGGAG;rbs_spacer=5-10bp;gc_cont=0.404
NODE_38_length_23628_cov_35.195393:20978-21694|+ -            239 18978                -            297   1.5e-06   25.6   0.2   1   1   4.3e-08   2.2e-05   21.8   0.2   125   176    93   142    12   204 0.72 NODE_38_length_23628_cov_35.195393_20 # 20978 # 21694 # 1 # ID=38_20;partial=00;start_type=ATG;rbs_motif=AGGA;rbs_spacer=5-10bp;gc_cont=0.384
#
# Program:         hmmsearch
# Version:         3.4 (Aug 2023)
# Pipeline mode:   SEARCH
# Query file:      /sw/data/local/BUSCO_Data/v5/lineages/enterococcaceae_odb12/hmms/18978at81852.hmm
# Target file:     /home/dich3309/rnaseq-tnseq-enterococcus-analysis/analyses/03_assembly_evaluation/busco_enterococcaceae_odb12/spades_scaffolds_illumina_enterococcaceae_odb12/prodigal_output/predicted_genes/predicted.faa
# Option settings: hmmsearch --domtblout /home/dich3309/rnaseq-tnseq-enterococcus-analysis/analyses/03_assembly_evaluation/busco_enterococcaceae_odb12/spades_scaffolds_illumina_enterococcaceae_odb12/run_enterococcaceae_odb12/hmmer_output/18978at81852.out --cpu 1 /sw/data/local/BUSCO_Data/v5/lineages/enterococcaceae_odb12/hmms/18978at81852.hmm /home/dich3309/rnaseq-tnseq-enterococcus-analysis/analyses/03_assembly_evaluation/busco_enterococcaceae_odb12/spades_scaffolds_illumina_enterococcaceae_odb12/prodigal_output/predicted_genes/predicted.faa 
# Current dir:     /gorilla/home/dich3309/rnaseq-tnseq-enterococcus-analysis/code
# Date:            Tue Apr 28 22:17:54 2026
# [ok]
