#                                                                                                        --- full sequence --- -------------- this domain -------------   hmm coord   ali coord   env coord
# target name                                    accession   tlen query name           accession   qlen   E-value  score  bias   #  of  c-Evalue  i-Evalue  score  bias  from    to  from    to  from    to  acc description of target
#                            ------------------- ---------- ----- -------------------- ---------- ----- --------- ------ ----- --- --- --------- --------- ------ ----- ----- ----- ----- ----- ----- ----- ---- ---------------------
NODE_4_length_101830_cov_39.048283:4390-5661|+   -            424 19295                -            423  1.7e-259  857.8   1.1   1   1  3.1e-262  1.9e-259  857.7   1.1     1   423     1   423     1   423 1.00 NODE_4_length_101830_cov_39.048283_3 # 4390 # 5661 # 1 # ID=4_3;partial=00;start_type=ATG;rbs_motif=AGGAGG;rbs_spacer=5-10bp;gc_cont=0.384
NODE_10_length_83811_cov_29.795656:37799-39508|+ -            570 19295                -            423   3.7e-09   33.1   0.1   1   2   4.6e-11   2.8e-08   30.2   0.1   169   334    45   209    31   217 0.86 NODE_10_length_83811_cov_29.795656_41 # 37799 # 39508 # 1 # ID=10_41;partial=00;start_type=ATG;rbs_motif=AGGAG;rbs_spacer=5-10bp;gc_cont=0.398
NODE_10_length_83811_cov_29.795656:37799-39508|+ -            570 19295                -            423   3.7e-09   33.1   0.1   2   2      0.06        37    0.2   0.0   370   415   428   471   424   478 0.78 NODE_10_length_83811_cov_29.795656_41 # 37799 # 39508 # 1 # ID=10_41;partial=00;start_type=ATG;rbs_motif=AGGAG;rbs_spacer=5-10bp;gc_cont=0.398
NODE_14_length_56501_cov_33.217624:48522-48866|+ -            115 19295                -            423    0.0016   14.5   1.0   1   1     3e-06    0.0018   14.3   1.0    35   110    29   113    22   114 0.81 NODE_14_length_56501_cov_33.217624_44 # 48522 # 48866 # 1 # ID=14_44;partial=00;start_type=ATG;rbs_motif=AGxAGG/AGGxGG;rbs_spacer=5-10bp;gc_cont=0.374
NODE_137_length_1627_cov_88.714377:315-1502|+    -            396 19295                -            423    0.0035   13.4   0.1   1   1   8.4e-06    0.0051   12.9   0.1    22   107   193   278   184   300 0.78 NODE_137_length_1627_cov_88.714377_1 # 315 # 1502 # 1 # ID=137_1;partial=00;start_type=ATG;rbs_motif=GGA/GAG/AGG;rbs_spacer=5-10bp;gc_cont=0.398
NODE_2_length_109676_cov_33.984218:83256-83603|- -            116 19295                -            423     0.015   11.3   0.8   1   1   2.8e-05     0.017   11.1   0.8    29   101     8    81     2    98 0.88 NODE_2_length_109676_cov_33.984218_90 # 83256 # 83603 # -1 # ID=2_90;partial=00;start_type=ATG;rbs_motif=AGxAGG/AGGxGG;rbs_spacer=5-10bp;gc_cont=0.391
#
# Program:         hmmsearch
# Version:         3.4 (Aug 2023)
# Pipeline mode:   SEARCH
# Query file:      /sw/data/local/BUSCO_Data/v5/lineages/enterococcaceae_odb12/hmms/19295at81852.hmm
# Target file:     /home/dich3309/rnaseq-tnseq-enterococcus-analysis/analyses/03_assembly_evaluation/busco_enterococcaceae_odb12/spades_scaffolds_illumina_enterococcaceae_odb12/prodigal_output/predicted_genes/predicted.faa
# Option settings: hmmsearch --domtblout /home/dich3309/rnaseq-tnseq-enterococcus-analysis/analyses/03_assembly_evaluation/busco_enterococcaceae_odb12/spades_scaffolds_illumina_enterococcaceae_odb12/run_enterococcaceae_odb12/hmmer_output/19295at81852.out --cpu 1 /sw/data/local/BUSCO_Data/v5/lineages/enterococcaceae_odb12/hmms/19295at81852.hmm /home/dich3309/rnaseq-tnseq-enterococcus-analysis/analyses/03_assembly_evaluation/busco_enterococcaceae_odb12/spades_scaffolds_illumina_enterococcaceae_odb12/prodigal_output/predicted_genes/predicted.faa 
# Current dir:     /gorilla/home/dich3309/rnaseq-tnseq-enterococcus-analysis/code
# Date:            Tue Apr 28 22:17:55 2026
# [ok]
