#                                                                                                        --- full sequence --- -------------- this domain -------------   hmm coord   ali coord   env coord
# target name                                    accession   tlen query name           accession   qlen   E-value  score  bias   #  of  c-Evalue  i-Evalue  score  bias  from    to  from    to  from    to  acc description of target
#                            ------------------- ---------- ----- -------------------- ---------- ----- --------- ------ ----- --- --- --------- --------- ------ ----- ----- ----- ----- ----- ----- ----- ---- ---------------------
NODE_9_length_85202_cov_37.123657:28610-29467|+  -            286 20407                -            282  1.5e-144  477.5   7.6   1   1  3.3e-147  1.7e-144  477.3   7.6     1   282     1   284     1   284 0.98 NODE_9_length_85202_cov_37.123657_23 # 28610 # 29467 # 1 # ID=9_23;partial=00;start_type=GTG;rbs_motif=AGGAG;rbs_spacer=5-10bp;gc_cont=0.400
NODE_23_length_43480_cov_29.402948:16378-17289|- -            304 20407                -            282   1.1e-52  176.1   0.4   1   1     3e-55   1.5e-52  175.7   0.4    39   277    39   284    28   287 0.89 NODE_23_length_43480_cov_29.402948_16 # 16378 # 17289 # -1 # ID=23_16;partial=00;start_type=ATG;rbs_motif=AGGA/GGAG/GAGG;rbs_spacer=11-12bp;gc_cont=0.414
NODE_31_length_29314_cov_34.815612:3138-4037|+   -            300 20407                -            282     7e-51  170.2   0.2   1   1   1.7e-53   8.7e-51  169.9   0.2    39   275    38   282    17   287 0.90 NODE_31_length_29314_cov_34.815612_5 # 3138 # 4037 # 1 # ID=31_5;partial=00;start_type=ATG;rbs_motif=GGAG/GAGG;rbs_spacer=5-10bp;gc_cont=0.410
NODE_9_length_85202_cov_37.123657:46188-46907|-  -            240 20407                -            282   6.6e-07   25.9   1.0   1   1   8.7e-09   4.5e-06   23.2   1.0    83   243    55   204    38   212 0.81 NODE_9_length_85202_cov_37.123657_35 # 46188 # 46907 # -1 # ID=9_35;partial=00;start_type=ATG;rbs_motif=GGxGG;rbs_spacer=5-10bp;gc_cont=0.382
NODE_11_length_80003_cov_31.743608:6622-7338|+   -            239 20407                -            282   3.2e-06   23.6   0.3   1   1   1.7e-08   8.6e-06   22.3   0.3   119   242    90   201    38   215 0.79 NODE_11_length_80003_cov_31.743608_9 # 6622 # 7338 # 1 # ID=11_9;partial=00;start_type=ATG;rbs_motif=AGGAG;rbs_spacer=5-10bp;gc_cont=0.404
NODE_38_length_23628_cov_35.195393:20978-21694|+ -            239 20407                -            282   1.1e-05   21.9   0.2   1   1   2.2e-07   0.00011   18.6   0.2    87   178    58   145    28   202 0.71 NODE_38_length_23628_cov_35.195393_20 # 20978 # 21694 # 1 # ID=38_20;partial=00;start_type=ATG;rbs_motif=AGGA;rbs_spacer=5-10bp;gc_cont=0.384
#
# Program:         hmmsearch
# Version:         3.4 (Aug 2023)
# Pipeline mode:   SEARCH
# Query file:      /sw/data/local/BUSCO_Data/v5/lineages/enterococcaceae_odb12/hmms/20407at81852.hmm
# Target file:     /home/dich3309/rnaseq-tnseq-enterococcus-analysis/analyses/03_assembly_evaluation/busco_enterococcaceae_odb12/spades_scaffolds_illumina_enterococcaceae_odb12/prodigal_output/predicted_genes/predicted.faa
# Option settings: hmmsearch --domtblout /home/dich3309/rnaseq-tnseq-enterococcus-analysis/analyses/03_assembly_evaluation/busco_enterococcaceae_odb12/spades_scaffolds_illumina_enterococcaceae_odb12/run_enterococcaceae_odb12/hmmer_output/20407at81852.out --cpu 1 /sw/data/local/BUSCO_Data/v5/lineages/enterococcaceae_odb12/hmms/20407at81852.hmm /home/dich3309/rnaseq-tnseq-enterococcus-analysis/analyses/03_assembly_evaluation/busco_enterococcaceae_odb12/spades_scaffolds_illumina_enterococcaceae_odb12/prodigal_output/predicted_genes/predicted.faa 
# Current dir:     /gorilla/home/dich3309/rnaseq-tnseq-enterococcus-analysis/code
# Date:            Tue Apr 28 22:17:58 2026
# [ok]
