#                                                                                                        --- full sequence --- -------------- this domain -------------   hmm coord   ali coord   env coord
# target name                                    accession   tlen query name           accession   qlen   E-value  score  bias   #  of  c-Evalue  i-Evalue  score  bias  from    to  from    to  from    to  acc description of target
#                            ------------------- ---------- ----- -------------------- ---------- ----- --------- ------ ----- --- --- --------- --------- ------ ----- ----- ----- ----- ----- ----- ----- ---- ---------------------
NODE_2_length_109676_cov_33.984218:33438-34799|- -            454 21142                -            451  2.6e-240  795.4   1.2   1   1  4.7e-243  2.9e-240  795.2   1.2     1   451     1   453     1   453 0.99 NODE_2_length_109676_cov_33.984218_40 # 33438 # 34799 # -1 # ID=2_40;partial=00;start_type=ATG;rbs_motif=AGGAG;rbs_spacer=5-10bp;gc_cont=0.380
NODE_26_length_34327_cov_44.144053:7632-9044|+   -            471 21142                -            451   5.7e-28   95.4   1.4   1   1   1.4e-30   8.7e-28   94.8   1.4   111   425   119   453   109   464 0.82 NODE_26_length_34327_cov_44.144053_9 # 7632 # 9044 # 1 # ID=26_9;partial=00;start_type=ATG;rbs_motif=GGA/GAG/AGG;rbs_spacer=5-10bp;gc_cont=0.418
NODE_8_length_86165_cov_28.227035:10047-11381|-  -            445 21142                -            451   6.1e-13   45.9   0.4   1   1   1.3e-14   7.9e-12   42.2   0.4     9   327     5   317     1   344 0.75 NODE_8_length_86165_cov_28.227035_11 # 10047 # 11381 # -1 # ID=8_11;partial=00;start_type=ATG;rbs_motif=GGAG/GAGG;rbs_spacer=5-10bp;gc_cont=0.382
NODE_1_length_114283_cov_31.103635:64037-65389|+ -            451 21142                -            451   1.6e-11   41.2   1.5   1   2   8.1e-10     5e-07   26.4   0.4   111   269    48   214    41   223 0.69 NODE_1_length_114283_cov_31.103635_61 # 64037 # 65389 # 1 # ID=1_61;partial=00;start_type=ATG;rbs_motif=GGAGG;rbs_spacer=5-10bp;gc_cont=0.381
NODE_1_length_114283_cov_31.103635:64037-65389|+ -            451 21142                -            451   1.6e-11   41.2   1.5   2   2   5.7e-06    0.0035   13.7   0.0   273   317   264   308   251   322 0.82 NODE_1_length_114283_cov_31.103635_61 # 64037 # 65389 # 1 # ID=1_61;partial=00;start_type=ATG;rbs_motif=GGAGG;rbs_spacer=5-10bp;gc_cont=0.381
NODE_9_length_85202_cov_37.123657:49463-50968|+  -            502 21142                -            451   3.1e-11   40.2   3.0   1   1   1.2e-12   7.3e-10   35.7   3.0    93   373    94   414    67   481 0.66 NODE_9_length_85202_cov_37.123657_38 # 49463 # 50968 # 1 # ID=9_38;partial=00;start_type=ATG;rbs_motif=GGAG/GAGG;rbs_spacer=5-10bp;gc_cont=0.386
#
# Program:         hmmsearch
# Version:         3.4 (Aug 2023)
# Pipeline mode:   SEARCH
# Query file:      /sw/data/local/BUSCO_Data/v5/lineages/enterococcaceae_odb12/hmms/21142at81852.hmm
# Target file:     /home/dich3309/rnaseq-tnseq-enterococcus-analysis/analyses/03_assembly_evaluation/busco_enterococcaceae_odb12/spades_scaffolds_illumina_enterococcaceae_odb12/prodigal_output/predicted_genes/predicted.faa
# Option settings: hmmsearch --domtblout /home/dich3309/rnaseq-tnseq-enterococcus-analysis/analyses/03_assembly_evaluation/busco_enterococcaceae_odb12/spades_scaffolds_illumina_enterococcaceae_odb12/run_enterococcaceae_odb12/hmmer_output/21142at81852.out --cpu 1 /sw/data/local/BUSCO_Data/v5/lineages/enterococcaceae_odb12/hmms/21142at81852.hmm /home/dich3309/rnaseq-tnseq-enterococcus-analysis/analyses/03_assembly_evaluation/busco_enterococcaceae_odb12/spades_scaffolds_illumina_enterococcaceae_odb12/prodigal_output/predicted_genes/predicted.faa 
# Current dir:     /gorilla/home/dich3309/rnaseq-tnseq-enterococcus-analysis/code
# Date:            Tue Apr 28 22:18:00 2026
# [ok]
