#                                                                                                        --- full sequence --- -------------- this domain -------------   hmm coord   ali coord   env coord
# target name                                    accession   tlen query name           accession   qlen   E-value  score  bias   #  of  c-Evalue  i-Evalue  score  bias  from    to  from    to  from    to  acc description of target
#                            ------------------- ---------- ----- -------------------- ---------- ----- --------- ------ ----- --- --- --------- --------- ------ ----- ----- ----- ----- ----- ----- ----- ---- ---------------------
NODE_44_length_19664_cov_36.992299:7480-8478|-   -            333 21977                -            391  2.8e-198  656.2  19.6   1   2   9.9e-06    0.0076   12.7   0.2     1    20     1    20     1    23 0.90 NODE_44_length_19664_cov_36.992299_8 # 7480 # 8478 # -1 # ID=44_8;partial=00;start_type=ATG;rbs_motif=AGxAGG/AGGxGG;rbs_spacer=5-10bp;gc_cont=0.407
NODE_44_length_19664_cov_36.992299:7480-8478|-   -            333 21977                -            391  2.8e-198  656.2  19.6   2   2  7.2e-199  5.5e-196  648.6  16.2    75   391    16   332    15   332 0.99 NODE_44_length_19664_cov_36.992299_8 # 7480 # 8478 # -1 # ID=44_8;partial=00;start_type=ATG;rbs_motif=AGxAGG/AGGxGG;rbs_spacer=5-10bp;gc_cont=0.407
NODE_41_length_20569_cov_30.148630:12235-13653|- -            473 21977                -            391   2.2e-52  175.8   6.4   1   1   5.1e-55   3.9e-52  175.0   6.4   114   380    31   292     6   304 0.86 NODE_41_length_20569_cov_30.148630_16 # 12235 # 13653 # -1 # ID=41_16;partial=00;start_type=ATG;rbs_motif=AGGA/GGAG/GAGG;rbs_spacer=11-12bp;gc_cont=0.424
NODE_1_length_114283_cov_31.103635:57378-57962|- -            195 21977                -            391      0.01   12.3   0.1   1   2   3.8e-05     0.029   10.8   0.0   191   281     9    93     2   111 0.66 NODE_1_length_114283_cov_31.103635_52 # 57378 # 57962 # -1 # ID=1_52;partial=00;start_type=ATG;rbs_motif=GGA/GAG/AGG;rbs_spacer=11-12bp;gc_cont=0.366
NODE_1_length_114283_cov_31.103635:57378-57962|- -            195 21977                -            391      0.01   12.3   0.1   2   2      0.21   1.6e+02   -1.5   0.0   351   369   101   119    91   136 0.75 NODE_1_length_114283_cov_31.103635_52 # 57378 # 57962 # -1 # ID=1_52;partial=00;start_type=ATG;rbs_motif=GGA/GAG/AGG;rbs_spacer=11-12bp;gc_cont=0.366
NODE_50_length_15759_cov_27.340168:11317-11811|- -            165 21977                -            391         4    3.8  14.4   1   1    0.0056       4.3    3.6  14.4    13    76    51   111     8   136 0.51 NODE_50_length_15759_cov_27.340168_14 # 11317 # 11811 # -1 # ID=50_14;partial=00;start_type=GTG;rbs_motif=None;rbs_spacer=None;gc_cont=0.457
#
# Program:         hmmsearch
# Version:         3.4 (Aug 2023)
# Pipeline mode:   SEARCH
# Query file:      /sw/data/local/BUSCO_Data/v5/lineages/enterococcaceae_odb12/hmms/21977at81852.hmm
# Target file:     /home/dich3309/rnaseq-tnseq-enterococcus-analysis/analyses/03_assembly_evaluation/busco_enterococcaceae_odb12/spades_scaffolds_illumina_enterococcaceae_odb12/prodigal_output/predicted_genes/predicted.faa
# Option settings: hmmsearch --domtblout /home/dich3309/rnaseq-tnseq-enterococcus-analysis/analyses/03_assembly_evaluation/busco_enterococcaceae_odb12/spades_scaffolds_illumina_enterococcaceae_odb12/run_enterococcaceae_odb12/hmmer_output/21977at81852.out --cpu 1 /sw/data/local/BUSCO_Data/v5/lineages/enterococcaceae_odb12/hmms/21977at81852.hmm /home/dich3309/rnaseq-tnseq-enterococcus-analysis/analyses/03_assembly_evaluation/busco_enterococcaceae_odb12/spades_scaffolds_illumina_enterococcaceae_odb12/prodigal_output/predicted_genes/predicted.faa 
# Current dir:     /gorilla/home/dich3309/rnaseq-tnseq-enterococcus-analysis/code
# Date:            Tue Apr 28 22:18:01 2026
# [ok]
