#                                                                                                        --- full sequence --- -------------- this domain -------------   hmm coord   ali coord   env coord
# target name                                    accession   tlen query name           accession   qlen   E-value  score  bias   #  of  c-Evalue  i-Evalue  score  bias  from    to  from    to  from    to  acc description of target
#                            ------------------- ---------- ----- -------------------- ---------- ----- --------- ------ ----- --- --- --------- --------- ------ ----- ----- ----- ----- ----- ----- ----- ---- ---------------------
NODE_13_length_59599_cov_35.538241:53707-55818|+ -            704 22097                -            679         0 1388.0  15.4   1   1         0         0 1387.6  15.4     1   677     3   682     3   686 0.98 NODE_13_length_59599_cov_35.538241_48 # 53707 # 55818 # 1 # ID=13_48;partial=00;start_type=ATG;rbs_motif=GGAGG;rbs_spacer=5-10bp;gc_cont=0.424
NODE_11_length_80003_cov_31.743608:47289-48689|+ -            467 22097                -            679   4.2e-06   22.6   0.0   1   2   1.2e-07   7.3e-05   18.5   0.0   218   275    52   111    42   167 0.73 NODE_11_length_80003_cov_31.743608_50 # 47289 # 48689 # 1 # ID=11_50;partial=00;start_type=ATG;rbs_motif=GGAG/GAGG;rbs_spacer=5-10bp;gc_cont=0.385
NODE_11_length_80003_cov_31.743608:47289-48689|+ -            467 22097                -            679   4.2e-06   22.6   0.0   2   2     0.013         8    1.8   0.0   271   292   265   288   250   321 0.74 NODE_11_length_80003_cov_31.743608_50 # 47289 # 48689 # 1 # ID=11_50;partial=00;start_type=ATG;rbs_motif=GGAG/GAGG;rbs_spacer=5-10bp;gc_cont=0.385
NODE_8_length_86165_cov_28.227035:65720-66970|-  -            417 22097                -            679   2.5e-05   20.0   0.0   1   1   6.1e-08   3.8e-05   19.5   0.0   221   292   114   191   107   213 0.84 NODE_8_length_86165_cov_28.227035_61 # 65720 # 66970 # -1 # ID=8_61;partial=00;start_type=ATG;rbs_motif=GGA/GAG/AGG;rbs_spacer=5-10bp;gc_cont=0.396
NODE_14_length_56501_cov_33.217624:30803-32089|+ -            429 22097                -            679   0.00017   17.2   0.0   1   1   4.2e-07   0.00026   16.7   0.0   213   246    34    67    21   102 0.89 NODE_14_length_56501_cov_33.217624_24 # 30803 # 32089 # 1 # ID=14_24;partial=00;start_type=ATG;rbs_motif=AGGAGG;rbs_spacer=5-10bp;gc_cont=0.445
NODE_36_length_23986_cov_34.471021:2055-3056|-   -            334 22097                -            679    0.0077   11.8   0.0   1   1   1.8e-05     0.011   11.3   0.0   221   251    57    87    46   118 0.91 NODE_36_length_23986_cov_34.471021_4 # 2055 # 3056 # -1 # ID=36_4;partial=00;start_type=ATG;rbs_motif=AGGAGG;rbs_spacer=5-10bp;gc_cont=0.439
#
# Program:         hmmsearch
# Version:         3.4 (Aug 2023)
# Pipeline mode:   SEARCH
# Query file:      /sw/data/local/BUSCO_Data/v5/lineages/enterococcaceae_odb12/hmms/22097at81852.hmm
# Target file:     /home/dich3309/rnaseq-tnseq-enterococcus-analysis/analyses/03_assembly_evaluation/busco_enterococcaceae_odb12/spades_scaffolds_illumina_enterococcaceae_odb12/prodigal_output/predicted_genes/predicted.faa
# Option settings: hmmsearch --domtblout /home/dich3309/rnaseq-tnseq-enterococcus-analysis/analyses/03_assembly_evaluation/busco_enterococcaceae_odb12/spades_scaffolds_illumina_enterococcaceae_odb12/run_enterococcaceae_odb12/hmmer_output/22097at81852.out --cpu 1 /sw/data/local/BUSCO_Data/v5/lineages/enterococcaceae_odb12/hmms/22097at81852.hmm /home/dich3309/rnaseq-tnseq-enterococcus-analysis/analyses/03_assembly_evaluation/busco_enterococcaceae_odb12/spades_scaffolds_illumina_enterococcaceae_odb12/prodigal_output/predicted_genes/predicted.faa 
# Current dir:     /gorilla/home/dich3309/rnaseq-tnseq-enterococcus-analysis/code
# Date:            Tue Apr 28 22:18:01 2026
# [ok]
