#                                                                                                        --- full sequence --- -------------- this domain -------------   hmm coord   ali coord   env coord
# target name                                    accession   tlen query name           accession   qlen   E-value  score  bias   #  of  c-Evalue  i-Evalue  score  bias  from    to  from    to  from    to  acc description of target
#                            ------------------- ---------- ----- -------------------- ---------- ----- --------- ------ ----- --- --- --------- --------- ------ ----- ----- ----- ----- ----- ----- ----- ---- ---------------------
NODE_11_length_80003_cov_31.743608:17050-18279|+ -            410 22360                -            400  6.3e-220  727.3  21.8   1   1  1.5e-222  7.5e-220  727.1  21.8     1   399     1   398     1   399 0.99 NODE_11_length_80003_cov_31.743608_19 # 17050 # 18279 # 1 # ID=11_19;partial=00;start_type=ATG;rbs_motif=AGGAGG;rbs_spacer=5-10bp;gc_cont=0.396
NODE_13_length_59599_cov_35.538241:51037-51507|+ -            157 22360                -            400     2e-21   73.7   0.6   1   1   4.9e-24   2.5e-21   73.4   0.6   201   286     2    87     1    95 0.90 NODE_13_length_59599_cov_35.538241_45 # 51037 # 51507 # 1 # ID=13_45;partial=00;start_type=ATG;rbs_motif=AGGAGG;rbs_spacer=11-12bp;gc_cont=0.410
NODE_8_length_86165_cov_28.227035:12791-14971|-  -            727 22360                -            400   1.3e-17   61.1   0.3   1   1   6.9e-20   3.5e-17   59.7   0.3   199   272   646   720   639   724 0.93 NODE_8_length_86165_cov_28.227035_14 # 12791 # 14971 # -1 # ID=8_14;partial=00;start_type=ATG;rbs_motif=GGAG/GAGG;rbs_spacer=5-10bp;gc_cont=0.413
NODE_38_length_23628_cov_35.195393:11017-13143|+ -            709 22360                -            400   3.5e-17   59.7   3.7   1   1   1.2e-19   5.9e-17   59.0   3.7   190   277   611   698   573   708 0.62 NODE_38_length_23628_cov_35.195393_13 # 11017 # 13143 # 1 # ID=38_13;partial=00;start_type=ATG;rbs_motif=AGGAG;rbs_spacer=5-10bp;gc_cont=0.417
NODE_29_length_31200_cov_30.116648:30021-30401|+ -            127 22360                -            400   4.7e-14   49.4   0.0   1   1   1.1e-16   5.5e-14   49.2   0.0   205   362     6    78     2   107 0.58 NODE_29_length_31200_cov_30.116648_31 # 30021 # 30401 # 1 # ID=29_31;partial=00;start_type=ATG;rbs_motif=GGAG/GAGG;rbs_spacer=5-10bp;gc_cont=0.344
NODE_22_length_43520_cov_30.536294:5985-8342|+   -            786 22360                -            400     8e-07   25.6   0.2   1   1   3.4e-09   1.8e-06   24.5   0.2   288   366   636   725   597   744 0.74 NODE_22_length_43520_cov_30.536294_8 # 5985 # 8342 # 1 # ID=22_8;partial=00;start_type=ATG;rbs_motif=GGAG/GAGG;rbs_spacer=5-10bp;gc_cont=0.404
#
# Program:         hmmsearch
# Version:         3.4 (Aug 2023)
# Pipeline mode:   SEARCH
# Query file:      /sw/data/local/BUSCO_Data/v5/lineages/enterococcaceae_odb12/hmms/22360at81852.hmm
# Target file:     /home/dich3309/rnaseq-tnseq-enterococcus-analysis/analyses/03_assembly_evaluation/busco_enterococcaceae_odb12/spades_scaffolds_illumina_enterococcaceae_odb12/prodigal_output/predicted_genes/predicted.faa
# Option settings: hmmsearch --domtblout /home/dich3309/rnaseq-tnseq-enterococcus-analysis/analyses/03_assembly_evaluation/busco_enterococcaceae_odb12/spades_scaffolds_illumina_enterococcaceae_odb12/run_enterococcaceae_odb12/hmmer_output/22360at81852.out --cpu 1 /sw/data/local/BUSCO_Data/v5/lineages/enterococcaceae_odb12/hmms/22360at81852.hmm /home/dich3309/rnaseq-tnseq-enterococcus-analysis/analyses/03_assembly_evaluation/busco_enterococcaceae_odb12/spades_scaffolds_illumina_enterococcaceae_odb12/prodigal_output/predicted_genes/predicted.faa 
# Current dir:     /gorilla/home/dich3309/rnaseq-tnseq-enterococcus-analysis/code
# Date:            Tue Apr 28 22:18:02 2026
# [ok]
