#                                                                                                        --- full sequence --- -------------- this domain -------------   hmm coord   ali coord   env coord
# target name                                    accession   tlen query name           accession   qlen   E-value  score  bias   #  of  c-Evalue  i-Evalue  score  bias  from    to  from    to  from    to  acc description of target
#                            ------------------- ---------- ----- -------------------- ---------- ----- --------- ------ ----- --- --- --------- --------- ------ ----- ----- ----- ----- ----- ----- ----- ---- ---------------------
NODE_20_length_45277_cov_34.462408:34470-34946|+ -            159 22419                -            167   1.2e-63  211.6   5.4   1   1   2.2e-66   1.4e-63  211.4   5.4     1   166     1   157     1   158 0.88 NODE_20_length_45277_cov_34.462408_35 # 34470 # 34946 # 1 # ID=20_35;partial=00;start_type=TTG;rbs_motif=GGAGG;rbs_spacer=5-10bp;gc_cont=0.392
NODE_5_length_100374_cov_29.640417:54960-56603|+ -            548 22419                -            167   5.2e-12   43.6   6.7   1   2   2.1e-08   1.3e-05   22.8   0.7   111   165    23    77    19    78 0.96 NODE_5_length_100374_cov_29.640417_52 # 54960 # 56603 # 1 # ID=5_52;partial=00;start_type=ATG;rbs_motif=GGA/GAG/AGG;rbs_spacer=11-12bp;gc_cont=0.427
NODE_5_length_100374_cov_29.640417:54960-56603|+ -            548 22419                -            167   5.2e-12   43.6   6.7   2   2   2.2e-08   1.4e-05   22.7   0.8   111   165   139   193   133   194 0.96 NODE_5_length_100374_cov_29.640417_52 # 54960 # 56603 # 1 # ID=5_52;partial=00;start_type=ATG;rbs_motif=GGA/GAG/AGG;rbs_spacer=11-12bp;gc_cont=0.427
NODE_5_length_100374_cov_29.640417:64865-68293|+ -           1143 22419                -            167   1.2e-08   32.7   0.3   1   1     4e-11   2.4e-08   31.7   0.3   112   166  1087  1141  1083  1142 0.95 NODE_5_length_100374_cov_29.640417_60 # 64865 # 68293 # 1 # ID=5_60;partial=00;start_type=ATG;rbs_motif=AGGAG;rbs_spacer=5-10bp;gc_cont=0.410
NODE_12_length_78125_cov_33.572102:22244-22582|- -            113 22419                -            167    0.0019   15.8   0.0   1   1   4.1e-06    0.0025   15.4   0.0   113   148    43    78    35    86 0.92 NODE_12_length_78125_cov_33.572102_21 # 22244 # 22582 # -1 # ID=12_21;partial=00;start_type=ATG;rbs_motif=AGGAG/GGAGG;rbs_spacer=11-12bp;gc_cont=0.375
NODE_6_length_99885_cov_29.307212:75572-77353|+  -            594 22419                -            167      0.18    9.3   3.7   1   1   0.00049       0.3    8.6   3.0   112   147   124   162   120   174 0.84 NODE_6_length_99885_cov_29.307212_75 # 75572 # 77353 # 1 # ID=6_75;partial=00;start_type=TTG;rbs_motif=AGGAG;rbs_spacer=5-10bp;gc_cont=0.428
#
# Program:         hmmsearch
# Version:         3.4 (Aug 2023)
# Pipeline mode:   SEARCH
# Query file:      /sw/data/local/BUSCO_Data/v5/lineages/enterococcaceae_odb12/hmms/22419at81852.hmm
# Target file:     /home/dich3309/rnaseq-tnseq-enterococcus-analysis/analyses/03_assembly_evaluation/busco_enterococcaceae_odb12/spades_scaffolds_illumina_enterococcaceae_odb12/prodigal_output/predicted_genes/predicted.faa
# Option settings: hmmsearch --domtblout /home/dich3309/rnaseq-tnseq-enterococcus-analysis/analyses/03_assembly_evaluation/busco_enterococcaceae_odb12/spades_scaffolds_illumina_enterococcaceae_odb12/run_enterococcaceae_odb12/hmmer_output/22419at81852.out --cpu 1 /sw/data/local/BUSCO_Data/v5/lineages/enterococcaceae_odb12/hmms/22419at81852.hmm /home/dich3309/rnaseq-tnseq-enterococcus-analysis/analyses/03_assembly_evaluation/busco_enterococcaceae_odb12/spades_scaffolds_illumina_enterococcaceae_odb12/prodigal_output/predicted_genes/predicted.faa 
# Current dir:     /gorilla/home/dich3309/rnaseq-tnseq-enterococcus-analysis/code
# Date:            Tue Apr 28 22:18:02 2026
# [ok]
