#                                                                                                        --- full sequence --- -------------- this domain -------------   hmm coord   ali coord   env coord
# target name                                    accession   tlen query name           accession   qlen   E-value  score  bias   #  of  c-Evalue  i-Evalue  score  bias  from    to  from    to  from    to  acc description of target
#                            ------------------- ---------- ----- -------------------- ---------- ----- --------- ------ ----- --- --- --------- --------- ------ ----- ----- ----- ----- ----- ----- ----- ---- ---------------------
NODE_29_length_31200_cov_30.116648:13022-14353|+ -            444 2313                 -            436  9.1e-231  763.5  17.0   1   1    2e-233    1e-230  763.4  17.0     1   436     2   442     2   442 0.98 NODE_29_length_31200_cov_30.116648_12 # 13022 # 14353 # 1 # ID=29_12;partial=00;start_type=ATG;rbs_motif=GGA/GAG/AGG;rbs_spacer=5-10bp;gc_cont=0.423
NODE_4_length_101830_cov_39.048283:6210-7694|-   -            495 2313                 -            436   8.3e-10   35.4   3.6   1   1   4.2e-12   2.2e-09   34.0   3.6   155   307    43   212    30   266 0.76 NODE_4_length_101830_cov_39.048283_4 # 6210 # 7694 # -1 # ID=4_4;partial=00;start_type=ATG;rbs_motif=AGGAG/GGAGG;rbs_spacer=11-12bp;gc_cont=0.420
NODE_34_length_25980_cov_30.418284:18920-19420|+ -            167 2313                 -            436     2e-09   34.1   0.3   1   1   5.1e-12   2.6e-09   33.8   0.3   215   324    39   157     6   165 0.77 NODE_34_length_25980_cov_30.418284_14 # 18920 # 19420 # 1 # ID=34_14;partial=00;start_type=ATG;rbs_motif=GGAGG;rbs_spacer=5-10bp;gc_cont=0.371
NODE_26_length_34327_cov_44.144053:24668-25843|- -            392 2313                 -            436   4.7e-06   23.0   0.9   1   1   1.7e-08   8.5e-06   22.2   0.9   197   302   256   362   236   370 0.88 NODE_26_length_34327_cov_44.144053_25 # 24668 # 25843 # -1 # ID=26_25;partial=00;start_type=ATG;rbs_motif=GGAG/GAGG;rbs_spacer=5-10bp;gc_cont=0.416
NODE_31_length_29314_cov_34.815612:4055-5416|+   -            454 2313                 -            436   7.2e-06   22.4   0.4   1   1   2.4e-08   1.2e-05   21.7   0.4   223   306   174   257   135   265 0.87 NODE_31_length_29314_cov_34.815612_6 # 4055 # 5416 # 1 # ID=31_6;partial=00;start_type=TTG;rbs_motif=GGAG/GAGG;rbs_spacer=5-10bp;gc_cont=0.412
NODE_38_length_23628_cov_35.195393:16408-17709|+ -            434 2313                 -            436     4e-05   20.0   0.3   1   1   1.1e-07   5.4e-05   19.5   0.3   190   305   215   333   205   373 0.77 NODE_38_length_23628_cov_35.195393_16 # 16408 # 17709 # 1 # ID=38_16;partial=00;start_type=ATG;rbs_motif=AGxAGG/AGGxGG;rbs_spacer=5-10bp;gc_cont=0.376
#
# Program:         hmmsearch
# Version:         3.4 (Aug 2023)
# Pipeline mode:   SEARCH
# Query file:      /sw/data/local/BUSCO_Data/v5/lineages/enterococcaceae_odb12/hmms/2313at81852.hmm
# Target file:     /home/dich3309/rnaseq-tnseq-enterococcus-analysis/analyses/03_assembly_evaluation/busco_enterococcaceae_odb12/spades_scaffolds_illumina_enterococcaceae_odb12/prodigal_output/predicted_genes/predicted.faa
# Option settings: hmmsearch --domtblout /home/dich3309/rnaseq-tnseq-enterococcus-analysis/analyses/03_assembly_evaluation/busco_enterococcaceae_odb12/spades_scaffolds_illumina_enterococcaceae_odb12/run_enterococcaceae_odb12/hmmer_output/2313at81852.out --cpu 1 /sw/data/local/BUSCO_Data/v5/lineages/enterococcaceae_odb12/hmms/2313at81852.hmm /home/dich3309/rnaseq-tnseq-enterococcus-analysis/analyses/03_assembly_evaluation/busco_enterococcaceae_odb12/spades_scaffolds_illumina_enterococcaceae_odb12/prodigal_output/predicted_genes/predicted.faa 
# Current dir:     /gorilla/home/dich3309/rnaseq-tnseq-enterococcus-analysis/code
# Date:            Tue Apr 28 22:18:03 2026
# [ok]
