#                                                                                                        --- full sequence --- -------------- this domain -------------   hmm coord   ali coord   env coord
# target name                                    accession   tlen query name           accession   qlen   E-value  score  bias   #  of  c-Evalue  i-Evalue  score  bias  from    to  from    to  from    to  acc description of target
#                            ------------------- ---------- ----- -------------------- ---------- ----- --------- ------ ----- --- --- --------- --------- ------ ----- ----- ----- ----- ----- ----- ----- ---- ---------------------
NODE_23_length_43480_cov_29.402948:41035-43416|+ -            794 27540                -            771         0 1199.3  26.0   1   1         0         0 1198.9  26.0     6   759    20   782    13   792 0.93 NODE_23_length_43480_cov_29.402948_41 # 41035 # 43416 # 1 # ID=23_41;partial=00;start_type=ATG;rbs_motif=AGGAG;rbs_spacer=5-10bp;gc_cont=0.421
NODE_9_length_85202_cov_37.123657:26228-28399|-  -            724 27540                -            771  8.1e-118  392.2  12.0   1   1    2e-120    1e-117  391.9  12.0    23   643    36   651    26   699 0.86 NODE_9_length_85202_cov_37.123657_22 # 26228 # 28399 # -1 # ID=9_22;partial=00;start_type=ATG;rbs_motif=AGGAG;rbs_spacer=5-10bp;gc_cont=0.416
NODE_62_length_11564_cov_29.703623:7874-10219|-  -            782 27540                -            771   1.9e-79  265.3  25.6   1   1   1.2e-80   5.9e-78  260.4  25.5     9   610     6   660     1   685 0.76 NODE_62_length_11564_cov_29.703623_9 # 7874 # 10219 # -1 # ID=62_9;partial=00;start_type=TTG;rbs_motif=GGAG/GAGG;rbs_spacer=5-10bp;gc_cont=0.403
NODE_2_length_109676_cov_33.984218:35801-37993|- -            731 27540                -            771     2e-19   66.8   3.1   1   1   7.7e-22   3.9e-19   65.9   3.1   310   568   255   540   234   554 0.78 NODE_2_length_109676_cov_33.984218_42 # 35801 # 37993 # -1 # ID=2_42;partial=00;start_type=ATG;rbs_motif=AGGA/GGAG/GAGG;rbs_spacer=11-12bp;gc_cont=0.388
NODE_24_length_38318_cov_25.692235:33560-34480|- -            307 27540                -            771      0.24    7.1  13.7   1   1   0.00071      0.36    6.5  13.7   685   750   153   212   107   247 0.44 NODE_24_length_38318_cov_25.692235_47 # 33560 # 34480 # -1 # ID=24_47;partial=00;start_type=ATG;rbs_motif=GGAG/GAGG;rbs_spacer=5-10bp;gc_cont=0.391
NODE_10_length_83811_cov_29.795656:59789-60502|- -            238 27540                -            771       9.5    1.8  16.4   1   1     0.025        13    1.4  16.4   677   753    27    94    15   106 0.34 NODE_10_length_83811_cov_29.795656_60 # 59789 # 60502 # -1 # ID=10_60;partial=00;start_type=ATG;rbs_motif=GGAG/GAGG;rbs_spacer=5-10bp;gc_cont=0.382
#
# Program:         hmmsearch
# Version:         3.4 (Aug 2023)
# Pipeline mode:   SEARCH
# Query file:      /sw/data/local/BUSCO_Data/v5/lineages/enterococcaceae_odb12/hmms/27540at81852.hmm
# Target file:     /home/dich3309/rnaseq-tnseq-enterococcus-analysis/analyses/03_assembly_evaluation/busco_enterococcaceae_odb12/spades_scaffolds_illumina_enterococcaceae_odb12/prodigal_output/predicted_genes/predicted.faa
# Option settings: hmmsearch --domtblout /home/dich3309/rnaseq-tnseq-enterococcus-analysis/analyses/03_assembly_evaluation/busco_enterococcaceae_odb12/spades_scaffolds_illumina_enterococcaceae_odb12/run_enterococcaceae_odb12/hmmer_output/27540at81852.out --cpu 1 /sw/data/local/BUSCO_Data/v5/lineages/enterococcaceae_odb12/hmms/27540at81852.hmm /home/dich3309/rnaseq-tnseq-enterococcus-analysis/analyses/03_assembly_evaluation/busco_enterococcaceae_odb12/spades_scaffolds_illumina_enterococcaceae_odb12/prodigal_output/predicted_genes/predicted.faa 
# Current dir:     /gorilla/home/dich3309/rnaseq-tnseq-enterococcus-analysis/code
# Date:            Tue Apr 28 22:18:07 2026
# [ok]
