#                                                                                                        --- full sequence --- -------------- this domain -------------   hmm coord   ali coord   env coord
# target name                                    accession   tlen query name           accession   qlen   E-value  score  bias   #  of  c-Evalue  i-Evalue  score  bias  from    to  from    to  from    to  acc description of target
#                            ------------------- ---------- ----- -------------------- ---------- ----- --------- ------ ----- --- --- --------- --------- ------ ----- ----- ----- ----- ----- ----- ----- ---- ---------------------
NODE_13_length_59599_cov_35.538241:16902-17873|+ -            324 27838                -            323  2.3e-210  695.0   2.8   1   1  4.9e-213  2.5e-210  694.9   2.8     1   322     1   322     1   323 1.00 NODE_13_length_59599_cov_35.538241_14 # 16902 # 17873 # 1 # ID=13_14;partial=00;start_type=ATG;rbs_motif=GGAGG;rbs_spacer=5-10bp;gc_cont=0.402
NODE_12_length_78125_cov_33.572102:42715-43689|- -            325 27838                -            323  6.8e-140  463.4   0.3   1   1  1.6e-142  8.3e-140  463.1   0.3     1   320     1   318     1   321 0.98 NODE_12_length_78125_cov_33.572102_40 # 42715 # 43689 # -1 # ID=12_40;partial=00;start_type=ATG;rbs_motif=GGAGG;rbs_spacer=5-10bp;gc_cont=0.407
NODE_23_length_43480_cov_29.402948:4692-5321|-   -            210 27838                -            323   3.2e-05   20.9   0.1   1   1   7.1e-08   3.6e-05   20.7   0.1   172   261    69   159    52   194 0.74 NODE_23_length_43480_cov_29.402948_5 # 4692 # 5321 # -1 # ID=23_5;partial=00;start_type=ATG;rbs_motif=GGAG/GAGG;rbs_spacer=5-10bp;gc_cont=0.394
NODE_5_length_100374_cov_29.640417:34249-35688|+ -            480 27838                -            323   0.00016   18.5   0.1   1   1   5.1e-07   0.00026   17.9   0.1   212   278   343   409   332   426 0.88 NODE_5_length_100374_cov_29.640417_36 # 34249 # 35688 # 1 # ID=5_36;partial=00;start_type=ATG;rbs_motif=GGAGG;rbs_spacer=5-10bp;gc_cont=0.416
NODE_1_length_114283_cov_31.103635:50969-51598|- -            210 27838                -            323   0.00057   16.7   0.0   1   1   1.8e-06   0.00092   16.1   0.0   216   257   121   162   113   182 0.88 NODE_1_length_114283_cov_31.103635_45 # 50969 # 51598 # -1 # ID=1_45;partial=00;start_type=ATG;rbs_motif=AGGAG;rbs_spacer=5-10bp;gc_cont=0.410
NODE_23_length_43480_cov_29.402948:15604-16143|- -            180 27838                -            323   0.00089   16.1   0.2   1   1   4.8e-06    0.0025   14.7   0.2   159   247    21   123     7   133 0.72 NODE_23_length_43480_cov_29.402948_15 # 15604 # 16143 # -1 # ID=23_15;partial=00;start_type=ATG;rbs_motif=AGxAGG/AGGxGG;rbs_spacer=5-10bp;gc_cont=0.404
#
# Program:         hmmsearch
# Version:         3.4 (Aug 2023)
# Pipeline mode:   SEARCH
# Query file:      /sw/data/local/BUSCO_Data/v5/lineages/enterococcaceae_odb12/hmms/27838at81852.hmm
# Target file:     /home/dich3309/rnaseq-tnseq-enterococcus-analysis/analyses/03_assembly_evaluation/busco_enterococcaceae_odb12/spades_scaffolds_illumina_enterococcaceae_odb12/prodigal_output/predicted_genes/predicted.faa
# Option settings: hmmsearch --domtblout /home/dich3309/rnaseq-tnseq-enterococcus-analysis/analyses/03_assembly_evaluation/busco_enterococcaceae_odb12/spades_scaffolds_illumina_enterococcaceae_odb12/run_enterococcaceae_odb12/hmmer_output/27838at81852.out --cpu 1 /sw/data/local/BUSCO_Data/v5/lineages/enterococcaceae_odb12/hmms/27838at81852.hmm /home/dich3309/rnaseq-tnseq-enterococcus-analysis/analyses/03_assembly_evaluation/busco_enterococcaceae_odb12/spades_scaffolds_illumina_enterococcaceae_odb12/prodigal_output/predicted_genes/predicted.faa 
# Current dir:     /gorilla/home/dich3309/rnaseq-tnseq-enterococcus-analysis/code
# Date:            Tue Apr 28 22:18:09 2026
# [ok]
