#                                                                                                        --- full sequence --- -------------- this domain -------------   hmm coord   ali coord   env coord
# target name                                    accession   tlen query name           accession   qlen   E-value  score  bias   #  of  c-Evalue  i-Evalue  score  bias  from    to  from    to  from    to  acc description of target
#                            ------------------- ---------- ----- -------------------- ---------- ----- --------- ------ ----- --- --- --------- --------- ------ ----- ----- ----- ----- ----- ----- ----- ---- ---------------------
NODE_3_length_106498_cov_28.709525:5325-6488|+   -            388 28001                -            317  2.5e-136  451.5   0.3   1   2      0.42   2.6e+02   -2.0   0.4   208   220    32    44     4    62 0.57 NODE_3_length_106498_cov_28.709525_7 # 5325 # 6488 # 1 # ID=3_7;partial=00;start_type=ATG;rbs_motif=AGGAGG;rbs_spacer=5-10bp;gc_cont=0.406
NODE_3_length_106498_cov_28.709525:5325-6488|+   -            388 28001                -            317  2.5e-136  451.5   0.3   2   2  4.1e-139  2.5e-136  451.5   0.3     5   317    72   387    65   387 0.95 NODE_3_length_106498_cov_28.709525_7 # 5325 # 6488 # 1 # ID=3_7;partial=00;start_type=ATG;rbs_motif=AGGAGG;rbs_spacer=5-10bp;gc_cont=0.406
NODE_3_length_106498_cov_28.709525:94080-94835|- -            252 28001                -            317   1.4e-85  284.7   1.1   1   1   2.8e-88   1.7e-85  284.4   1.1    29   272     7   248     1   250 0.92 NODE_3_length_106498_cov_28.709525_87 # 94080 # 94835 # -1 # ID=3_87;partial=00;start_type=ATG;rbs_motif=GGAG/GAGG;rbs_spacer=5-10bp;gc_cont=0.381
NODE_20_length_45277_cov_34.462408:6661-7887|+   -            409 28001                -            317   6.4e-39  131.4   1.5   1   1   1.3e-41     8e-39  131.1   1.5    29   278     4   268     1   301 0.80 NODE_20_length_45277_cov_34.462408_8 # 6661 # 7887 # 1 # ID=20_8;partial=00;start_type=ATG;rbs_motif=GGAG/GAGG;rbs_spacer=5-10bp;gc_cont=0.379
NODE_18_length_49813_cov_28.127015:15552-16496|- -            315 28001                -            317   6.6e-39  131.4   5.3   1   1   1.3e-41   8.3e-39  131.1   5.3    23   286     4   282     1   309 0.80 NODE_18_length_49813_cov_28.127015_16 # 15552 # 16496 # -1 # ID=18_16;partial=00;start_type=ATG;rbs_motif=GGAGG;rbs_spacer=5-10bp;gc_cont=0.395
NODE_8_length_86165_cov_28.227035:21927-22598|-  -            224 28001                -            317   8.5e-15   52.2   0.1   1   1   2.8e-17   1.7e-14   51.2   0.1   133   313    46   216    41   219 0.92 NODE_8_length_86165_cov_28.227035_23 # 21927 # 22598 # -1 # ID=8_23;partial=00;start_type=ATG;rbs_motif=AGxAGG/AGGxGG;rbs_spacer=5-10bp;gc_cont=0.360
#
# Program:         hmmsearch
# Version:         3.4 (Aug 2023)
# Pipeline mode:   SEARCH
# Query file:      /sw/data/local/BUSCO_Data/v5/lineages/enterococcaceae_odb12/hmms/28001at81852.hmm
# Target file:     /home/dich3309/rnaseq-tnseq-enterococcus-analysis/analyses/03_assembly_evaluation/busco_enterococcaceae_odb12/spades_scaffolds_illumina_enterococcaceae_odb12/prodigal_output/predicted_genes/predicted.faa
# Option settings: hmmsearch --domtblout /home/dich3309/rnaseq-tnseq-enterococcus-analysis/analyses/03_assembly_evaluation/busco_enterococcaceae_odb12/spades_scaffolds_illumina_enterococcaceae_odb12/run_enterococcaceae_odb12/hmmer_output/28001at81852.out --cpu 1 /sw/data/local/BUSCO_Data/v5/lineages/enterococcaceae_odb12/hmms/28001at81852.hmm /home/dich3309/rnaseq-tnseq-enterococcus-analysis/analyses/03_assembly_evaluation/busco_enterococcaceae_odb12/spades_scaffolds_illumina_enterococcaceae_odb12/prodigal_output/predicted_genes/predicted.faa 
# Current dir:     /gorilla/home/dich3309/rnaseq-tnseq-enterococcus-analysis/code
# Date:            Tue Apr 28 22:18:09 2026
# [ok]
