#                                                                                                        --- full sequence --- -------------- this domain -------------   hmm coord   ali coord   env coord
# target name                                    accession   tlen query name           accession   qlen   E-value  score  bias   #  of  c-Evalue  i-Evalue  score  bias  from    to  from    to  from    to  acc description of target
#                            ------------------- ---------- ----- -------------------- ---------- ----- --------- ------ ----- --- --- --------- --------- ------ ----- ----- ----- ----- ----- ----- ----- ---- ---------------------
NODE_14_length_56501_cov_33.217624:17992-18867|- -            292 28251                -            291  2.6e-158  522.9  11.7   1   1  5.7e-161  2.9e-158  522.8  11.7     1   290     1   290     1   291 0.99 NODE_14_length_56501_cov_33.217624_13 # 17992 # 18867 # -1 # ID=14_13;partial=00;start_type=ATG;rbs_motif=None;rbs_spacer=None;gc_cont=0.390
NODE_5_length_100374_cov_29.640417:87838-88776|+ -            313 28251                -            291   1.7e-74  247.9  17.7   1   1     4e-77   2.1e-74  247.6  17.7     3   290     5   291     3   292 0.98 NODE_5_length_100374_cov_29.640417_82 # 87838 # 88776 # 1 # ID=5_82;partial=00;start_type=GTG;rbs_motif=AGxAGG/AGGxGG;rbs_spacer=5-10bp;gc_cont=0.379
NODE_3_length_106498_cov_28.709525:76818-77588|+ -            257 28251                -            291   1.3e-30  103.8   8.3   1   1   3.2e-33   1.7e-30  103.5   8.3    33   287     1   250     1   253 0.88 NODE_3_length_106498_cov_28.709525_71 # 76818 # 77588 # 1 # ID=3_71;partial=00;start_type=ATG;rbs_motif=AGGAG/GGAGG;rbs_spacer=11-12bp;gc_cont=0.372
NODE_11_length_80003_cov_31.743608:23500-24375|- -            292 28251                -            291   3.5e-26   89.3  10.1   1   1     1e-28   5.2e-26   88.7  10.1    30   284    23   275     1   280 0.84 NODE_11_length_80003_cov_31.743608_25 # 23500 # 24375 # -1 # ID=11_25;partial=00;start_type=ATG;rbs_motif=GGA/GAG/AGG;rbs_spacer=5-10bp;gc_cont=0.396
NODE_11_length_80003_cov_31.743608:67303-67971|- -            223 28251                -            291   1.5e-09   34.7  14.0   1   1     4e-12     2e-09   34.3  14.0    30   192    23   182     4   193 0.84 NODE_11_length_80003_cov_31.743608_67 # 67303 # 67971 # -1 # ID=11_67;partial=00;start_type=ATG;rbs_motif=GGAG/GAGG;rbs_spacer=5-10bp;gc_cont=0.362
NODE_9_length_85202_cov_37.123657:48781-49371|+  -            197 28251                -            291   4.7e-07   26.5  18.8   1   1   3.4e-09   1.7e-06   24.6  18.8    20   194    11   179     2   186 0.91 NODE_9_length_85202_cov_37.123657_37 # 48781 # 49371 # 1 # ID=9_37;partial=00;start_type=ATG;rbs_motif=AGGAG;rbs_spacer=5-10bp;gc_cont=0.389
#
# Program:         hmmsearch
# Version:         3.4 (Aug 2023)
# Pipeline mode:   SEARCH
# Query file:      /sw/data/local/BUSCO_Data/v5/lineages/enterococcaceae_odb12/hmms/28251at81852.hmm
# Target file:     /home/dich3309/rnaseq-tnseq-enterococcus-analysis/analyses/03_assembly_evaluation/busco_enterococcaceae_odb12/spades_scaffolds_illumina_enterococcaceae_odb12/prodigal_output/predicted_genes/predicted.faa
# Option settings: hmmsearch --domtblout /home/dich3309/rnaseq-tnseq-enterococcus-analysis/analyses/03_assembly_evaluation/busco_enterococcaceae_odb12/spades_scaffolds_illumina_enterococcaceae_odb12/run_enterococcaceae_odb12/hmmer_output/28251at81852.out --cpu 1 /sw/data/local/BUSCO_Data/v5/lineages/enterococcaceae_odb12/hmms/28251at81852.hmm /home/dich3309/rnaseq-tnseq-enterococcus-analysis/analyses/03_assembly_evaluation/busco_enterococcaceae_odb12/spades_scaffolds_illumina_enterococcaceae_odb12/prodigal_output/predicted_genes/predicted.faa 
# Current dir:     /gorilla/home/dich3309/rnaseq-tnseq-enterococcus-analysis/code
# Date:            Tue Apr 28 22:18:11 2026
# [ok]
