#                                                                                                        --- full sequence --- -------------- this domain -------------   hmm coord   ali coord   env coord
# target name                                    accession   tlen query name           accession   qlen   E-value  score  bias   #  of  c-Evalue  i-Evalue  score  bias  from    to  from    to  from    to  acc description of target
#                            ------------------- ---------- ----- -------------------- ---------- ----- --------- ------ ----- --- --- --------- --------- ------ ----- ----- ----- ----- ----- ----- ----- ---- ---------------------
NODE_22_length_43520_cov_30.536294:24713-25432|+ -            240 29011                -            224   4.3e-73  243.0  12.7   1   1   1.9e-75   1.1e-72  241.6  12.7     1   224     1   239     1   239 0.92 NODE_22_length_43520_cov_30.536294_31 # 24713 # 25432 # 1 # ID=22_31;partial=00;start_type=GTG;rbs_motif=AGxAGG/AGGxGG;rbs_spacer=11-12bp;gc_cont=0.389
NODE_12_length_78125_cov_33.572102:42715-43689|- -            325 29011                -            224   7.6e-06   23.1   0.0   1   1   2.2e-08   1.4e-05   22.3   0.0   183   219   214   250   210   253 0.92 NODE_12_length_78125_cov_33.572102_40 # 42715 # 43689 # -1 # ID=12_40;partial=00;start_type=ATG;rbs_motif=GGAGG;rbs_spacer=5-10bp;gc_cont=0.407
NODE_23_length_43480_cov_29.402948:15604-16143|- -            180 29011                -            224   3.9e-05   20.8   0.0   1   1     1e-07   6.3e-05   20.1   0.0   184   213    93   122    80   133 0.81 NODE_23_length_43480_cov_29.402948_15 # 15604 # 16143 # -1 # ID=23_15;partial=00;start_type=ATG;rbs_motif=AGxAGG/AGGxGG;rbs_spacer=5-10bp;gc_cont=0.404
NODE_13_length_59599_cov_35.538241:53072-53617|+ -            182 29011                -            224     0.002   15.2   0.9   1   2      0.81     5e+02   -2.5   0.0    16    42     6    32     3    36 0.76 NODE_13_length_59599_cov_35.538241_47 # 53072 # 53617 # 1 # ID=13_47;partial=00;start_type=ATG;rbs_motif=AGGAG;rbs_spacer=5-10bp;gc_cont=0.381
NODE_13_length_59599_cov_35.538241:53072-53617|+ -            182 29011                -            224     0.002   15.2   0.9   2   2   4.1e-06    0.0025   14.8   0.2   178   222    84   128    74   130 0.89 NODE_13_length_59599_cov_35.538241_47 # 53072 # 53617 # 1 # ID=13_47;partial=00;start_type=ATG;rbs_motif=AGGAG;rbs_spacer=5-10bp;gc_cont=0.381
NODE_13_length_59599_cov_35.538241:16902-17873|+ -            324 29011                -            224      0.01   12.8   0.1   1   1   2.6e-05     0.016   12.2   0.1   176   217   209   250   199   255 0.84 NODE_13_length_59599_cov_35.538241_14 # 16902 # 17873 # 1 # ID=13_14;partial=00;start_type=ATG;rbs_motif=GGAGG;rbs_spacer=5-10bp;gc_cont=0.402
#
# Program:         hmmsearch
# Version:         3.4 (Aug 2023)
# Pipeline mode:   SEARCH
# Query file:      /sw/data/local/BUSCO_Data/v5/lineages/enterococcaceae_odb12/hmms/29011at81852.hmm
# Target file:     /home/dich3309/rnaseq-tnseq-enterococcus-analysis/analyses/03_assembly_evaluation/busco_enterococcaceae_odb12/spades_scaffolds_illumina_enterococcaceae_odb12/prodigal_output/predicted_genes/predicted.faa
# Option settings: hmmsearch --domtblout /home/dich3309/rnaseq-tnseq-enterococcus-analysis/analyses/03_assembly_evaluation/busco_enterococcaceae_odb12/spades_scaffolds_illumina_enterococcaceae_odb12/run_enterococcaceae_odb12/hmmer_output/29011at81852.out --cpu 1 /sw/data/local/BUSCO_Data/v5/lineages/enterococcaceae_odb12/hmms/29011at81852.hmm /home/dich3309/rnaseq-tnseq-enterococcus-analysis/analyses/03_assembly_evaluation/busco_enterococcaceae_odb12/spades_scaffolds_illumina_enterococcaceae_odb12/prodigal_output/predicted_genes/predicted.faa 
# Current dir:     /gorilla/home/dich3309/rnaseq-tnseq-enterococcus-analysis/code
# Date:            Tue Apr 28 22:18:13 2026
# [ok]
