#                                                                                                          --- full sequence --- -------------- this domain -------------   hmm coord   ali coord   env coord
# target name                                      accession   tlen query name           accession   qlen   E-value  score  bias   #  of  c-Evalue  i-Evalue  score  bias  from    to  from    to  from    to  acc description of target
#                              ------------------- ---------- ----- -------------------- ---------- ----- --------- ------ ----- --- --- --------- --------- ------ ----- ----- ----- ----- ----- ----- ----- ---- ---------------------
NODE_14_length_67873_cov_82.007916:5242-6243|-     -            334 38238                -            348   1.2e-52  176.4   0.4   1   1   4.5e-54   2.9e-51  171.9   0.4     3   345     4   327     2   329 0.83 NODE_14_length_67873_cov_82.007916_5 # 5242 # 6243 # -1 # ID=14_5;partial=00;start_type=ATG;rbs_motif=AGGAG;rbs_spacer=5-10bp;gc_cont=0.420
NODE_4_length_185058_cov_63.073482:133665-134666|- -            334 38238                -            348   1.6e-05   21.4   0.2   1   2   0.00018      0.11    8.8   0.1   124   181   135   182    90   186 0.81 NODE_4_length_185058_cov_63.073482_128 # 133665 # 134666 # -1 # ID=4_128;partial=00;start_type=ATG;rbs_motif=AGGAGG;rbs_spacer=5-10bp;gc_cont=0.397
NODE_4_length_185058_cov_63.073482:133665-134666|- -            334 38238                -            348   1.6e-05   21.4   0.2   2   2   5.8e-05     0.036   10.4   0.0   229   270   227   268   212   280 0.88 NODE_4_length_185058_cov_63.073482_128 # 133665 # 134666 # -1 # ID=4_128;partial=00;start_type=ATG;rbs_motif=AGGAGG;rbs_spacer=5-10bp;gc_cont=0.397
NODE_1_length_304474_cov_63.252055:114865-115875|- -            337 38238                -            348    0.0002   17.8   0.7   1   1   1.1e-05    0.0069   12.8   0.7   133   268   135   267    82   281 0.77 NODE_1_length_304474_cov_63.252055_109 # 114865 # 115875 # -1 # ID=1_109;partial=00;start_type=ATG;rbs_motif=AGGAGG;rbs_spacer=5-10bp;gc_cont=0.403
NODE_10_length_113754_cov_99.095655:3047-3994|-    -            316 38238                -            348    0.0012   15.3   0.0   1   1   2.9e-06    0.0018   14.7   0.0     4    35   145   175   143   206 0.76 NODE_10_length_113754_cov_99.095655_2 # 3047 # 3994 # -1 # ID=10_2;partial=00;start_type=ATG;rbs_motif=GGAG/GAGG;rbs_spacer=5-10bp;gc_cont=0.424
NODE_2_length_252901_cov_71.242866:62669-63391|+   -            241 38238                -            348    0.0021   14.5   0.1   1   1   5.1e-06    0.0032   13.9   0.1    73   126   161   221   140   225 0.77 NODE_2_length_252901_cov_71.242866_70 # 62669 # 63391 # 1 # ID=2_70;partial=00;start_type=ATG;rbs_motif=GGAGG;rbs_spacer=5-10bp;gc_cont=0.440
#
# Program:         hmmsearch
# Version:         3.4 (Aug 2023)
# Pipeline mode:   SEARCH
# Query file:      /sw/data/local/BUSCO_Data/v5/lineages/archaea_odb12/hmms/38238at2157.hmm
# Target file:     /home/dich3309/rnaseq-tnseq-enterococcus-analysis/analyses/03_assembly_evaluation/busco_auto_lineage/spades_scaffolds_isolate_auto/prodigal_output/predicted_genes/predicted.faa
# Option settings: hmmsearch --domtblout /home/dich3309/rnaseq-tnseq-enterococcus-analysis/analyses/03_assembly_evaluation/busco_auto_lineage/spades_scaffolds_isolate_auto/auto_lineage/run_archaea_odb12/hmmer_output/38238at2157.out --cpu 1 /sw/data/local/BUSCO_Data/v5/lineages/archaea_odb12/hmms/38238at2157.hmm /home/dich3309/rnaseq-tnseq-enterococcus-analysis/analyses/03_assembly_evaluation/busco_auto_lineage/spades_scaffolds_isolate_auto/prodigal_output/predicted_genes/predicted.faa 
# Current dir:     /gorilla/home/dich3309/rnaseq-tnseq-enterococcus-analysis/code
# Date:            Wed Apr 22 11:43:13 2026
# [ok]
