#                                                                                                        --- full sequence --- -------------- this domain -------------   hmm coord   ali coord   env coord
# target name                                    accession   tlen query name           accession   qlen   E-value  score  bias   #  of  c-Evalue  i-Evalue  score  bias  from    to  from    to  from    to  acc description of target
#                            ------------------- ---------- ----- -------------------- ---------- ----- --------- ------ ----- --- --- --------- --------- ------ ----- ----- ----- ----- ----- ----- ----- ---- ---------------------
NODE_2_length_252901_cov_71.242866:67252-68961|+ -            570 7375                 -            480   2.1e-47  159.2   0.7   1   2   2.2e-21   2.3e-18   63.4   0.1    31   194    33   190    18   195 0.91 NODE_2_length_252901_cov_71.242866_75 # 67252 # 68961 # 1 # ID=2_75;partial=00;start_type=ATG;rbs_motif=AGGAG;rbs_spacer=5-10bp;gc_cont=0.398
NODE_2_length_252901_cov_71.242866:67252-68961|+ -            570 7375                 -            480   2.1e-47  159.2   0.7   2   2   1.1e-30   1.1e-27   94.1   0.1   221   387   401   564   394   568 0.93 NODE_2_length_252901_cov_71.242866_75 # 67252 # 68961 # 1 # ID=2_75;partial=00;start_type=ATG;rbs_motif=AGGAG;rbs_spacer=5-10bp;gc_cont=0.398
NODE_8_length_123234_cov_76.327838:97395-99335|+ -            647 7375                 -            480   1.3e-26   90.6   1.1   1   2   2.5e-14   2.6e-11   40.2   0.0    35   194   260   414   252   432 0.87 NODE_8_length_123234_cov_76.327838_97 # 97395 # 99335 # 1 # ID=8_97;partial=00;start_type=ATG;rbs_motif=AGGAGG;rbs_spacer=5-10bp;gc_cont=0.401
NODE_8_length_123234_cov_76.327838:97395-99335|+ -            647 7375                 -            480   1.3e-26   90.6   1.1   2   2   4.5e-17   4.7e-14   49.2   0.2   184   390   445   641   430   645 0.81 NODE_8_length_123234_cov_76.327838_97 # 97395 # 99335 # 1 # ID=8_97;partial=00;start_type=ATG;rbs_motif=AGGAGG;rbs_spacer=5-10bp;gc_cont=0.401
NODE_37_length_17573_cov_153.551824:51-1322|-    -            424 7375                 -            480     1e-12   44.8   0.0   1   2      0.41   4.3e+02   -3.4   1.4   376   417    44    83     8    99 0.58 NODE_37_length_17573_cov_153.551824_1 # 51 # 1322 # -1 # ID=37_1;partial=00;start_type=ATG;rbs_motif=AGGAGG;rbs_spacer=5-10bp;gc_cont=0.384
NODE_37_length_17573_cov_153.551824:51-1322|-    -            424 7375                 -            480     1e-12   44.8   0.0   2   2     1e-15     1e-12   44.8   0.0    40   285   166   409   140   416 0.84 NODE_37_length_17573_cov_153.551824_1 # 51 # 1322 # -1 # ID=37_1;partial=00;start_type=ATG;rbs_motif=AGGAGG;rbs_spacer=5-10bp;gc_cont=0.384
#
# Program:         hmmsearch
# Version:         3.4 (Aug 2023)
# Pipeline mode:   SEARCH
# Query file:      /sw/data/local/BUSCO_Data/v5/lineages/archaea_odb12/hmms/7375at2157.hmm
# Target file:     /home/dich3309/rnaseq-tnseq-enterococcus-analysis/analyses/03_assembly_evaluation/busco_auto_lineage/spades_scaffolds_isolate_auto/prodigal_output/predicted_genes/predicted.faa
# Option settings: hmmsearch --domtblout /home/dich3309/rnaseq-tnseq-enterococcus-analysis/analyses/03_assembly_evaluation/busco_auto_lineage/spades_scaffolds_isolate_auto/auto_lineage/run_archaea_odb12/hmmer_output/7375at2157.out --cpu 1 /sw/data/local/BUSCO_Data/v5/lineages/archaea_odb12/hmms/7375at2157.hmm /home/dich3309/rnaseq-tnseq-enterococcus-analysis/analyses/03_assembly_evaluation/busco_auto_lineage/spades_scaffolds_isolate_auto/prodigal_output/predicted_genes/predicted.faa 
# Current dir:     /gorilla/home/dich3309/rnaseq-tnseq-enterococcus-analysis/code
# Date:            Wed Apr 22 11:43:15 2026
# [ok]
