#                                                                                                          --- full sequence --- -------------- this domain -------------   hmm coord   ali coord   env coord
# target name                                      accession   tlen query name           accession   qlen   E-value  score  bias   #  of  c-Evalue  i-Evalue  score  bias  from    to  from    to  from    to  acc description of target
#                              ------------------- ---------- ----- -------------------- ---------- ----- --------- ------ ----- --- --- --------- --------- ------ ----- ----- ----- ----- ----- ----- ----- ---- ---------------------
NODE_17_length_58686_cov_60.941844:3833-4171|+     -            113 19209                -            110   3.1e-56  185.3   0.5   1   1   3.4e-59   3.5e-56  185.2   0.5     2   110     4   112     3   112 0.99 NODE_17_length_58686_cov_60.941844_5 # 3833 # 4171 # 1 # ID=17_5;partial=00;start_type=ATG;rbs_motif=AGGAG/GGAGG;rbs_spacer=11-12bp;gc_cont=0.375
NODE_2_length_304403_cov_65.784473:40683-42326|+   -            548 19209                -            110     4e-14   49.8   1.5   1   2   4.7e-09   4.8e-06   23.8   0.1    40    75    24    59    16    78 0.90 NODE_2_length_304403_cov_65.784473_37 # 40683 # 42326 # 1 # ID=2_37;partial=00;start_type=ATG;rbs_motif=GGA/GAG/AGG;rbs_spacer=11-12bp;gc_cont=0.428
NODE_2_length_304403_cov_65.784473:40683-42326|+   -            548 19209                -            110     4e-14   49.8   1.5   2   2   4.7e-09   4.8e-06   23.8   0.1    40    75   140   175   132   194 0.90 NODE_2_length_304403_cov_65.784473_37 # 40683 # 42326 # 1 # ID=2_37;partial=00;start_type=ATG;rbs_motif=GGA/GAG/AGG;rbs_spacer=11-12bp;gc_cont=0.428
NODE_6_length_183174_cov_88.861183:103362-103838|- -            159 19209                -            110    0.0008   16.7   3.5   1   3      0.08        82    0.5   0.1    66    91    50    75    43    78 0.85 NODE_6_length_183174_cov_88.861183_92 # 103362 # 103838 # -1 # ID=6_92;partial=00;start_type=TTG;rbs_motif=GGAGG;rbs_spacer=5-10bp;gc_cont=0.392
NODE_6_length_183174_cov_88.861183:103362-103838|- -            159 19209                -            110    0.0008   16.7   3.5   2   3      0.35   3.6e+02   -1.5   0.1    57    72    73    91    62    92 0.68 NODE_6_length_183174_cov_88.861183_92 # 103362 # 103838 # -1 # ID=6_92;partial=00;start_type=TTG;rbs_motif=GGAGG;rbs_spacer=5-10bp;gc_cont=0.392
NODE_6_length_183174_cov_88.861183:103362-103838|- -            159 19209                -            110    0.0008   16.7   3.5   3   3   1.1e-06    0.0012   16.2   0.3    39    76   102   139   100   151 0.89 NODE_6_length_183174_cov_88.861183_92 # 103362 # 103838 # -1 # ID=6_92;partial=00;start_type=TTG;rbs_motif=GGAGG;rbs_spacer=5-10bp;gc_cont=0.392
#
# Program:         hmmsearch
# Version:         3.4 (Aug 2023)
# Pipeline mode:   SEARCH
# Query file:      /sw/data/local/BUSCO_Data/v5/lineages/enterococcus_odb12/hmms/19209at1350.hmm
# Target file:     /home/dich3309/rnaseq-tnseq-enterococcus-analysis/analyses/03_assembly_evaluation/busco_enterococcus_odb12/spades_scaffolds_pacbio_illumina_enterococcus_odb12/prodigal_output/predicted_genes/predicted.faa
# Option settings: hmmsearch --domtblout /home/dich3309/rnaseq-tnseq-enterococcus-analysis/analyses/03_assembly_evaluation/busco_enterococcus_odb12/spades_scaffolds_pacbio_illumina_enterococcus_odb12/run_enterococcus_odb12/hmmer_output/19209at1350.out --cpu 1 /sw/data/local/BUSCO_Data/v5/lineages/enterococcus_odb12/hmms/19209at1350.hmm /home/dich3309/rnaseq-tnseq-enterococcus-analysis/analyses/03_assembly_evaluation/busco_enterococcus_odb12/spades_scaffolds_pacbio_illumina_enterococcus_odb12/prodigal_output/predicted_genes/predicted.faa 
# Current dir:     /gorilla/home/dich3309/rnaseq-tnseq-enterococcus-analysis/code
# Date:            Tue Apr 28 22:10:42 2026
# [ok]
