#                                                                                                          --- full sequence --- -------------- this domain -------------   hmm coord   ali coord   env coord
# target name                                      accession   tlen query name           accession   qlen   E-value  score  bias   #  of  c-Evalue  i-Evalue  score  bias  from    to  from    to  from    to  acc description of target
#                              ------------------- ---------- ----- -------------------- ---------- ----- --------- ------ ----- --- --- --------- --------- ------ ----- ----- ----- ----- ----- ----- ----- ---- ---------------------
NODE_8_length_133129_cov_72.724935:40583-42262|-   -            560 19814                -            559         0 1166.9   5.8   1   1         0         0 1166.7   5.8     1   559     1   559     1   559 1.00 NODE_8_length_133129_cov_72.724935_39 # 40583 # 42262 # -1 # ID=8_39;partial=00;start_type=GTG;rbs_motif=GGAG/GAGG;rbs_spacer=5-10bp;gc_cont=0.400
NODE_18_length_58283_cov_66.770060:49171-50850|+   -            560 19814                -            559    9e-155  513.7   0.0   1   1  1.8e-157  1.1e-154  513.4   0.0     6   551    12   555     8   559 0.97 NODE_18_length_58283_cov_66.770060_54 # 49171 # 50850 # 1 # ID=18_54;partial=00;start_type=ATG;rbs_motif=GGAG/GAGG;rbs_spacer=5-10bp;gc_cont=0.424
NODE_2_length_304403_cov_65.784473:69550-70176|-   -            209 19814                -            559    0.0037   13.2   0.0   1   1     6e-06    0.0037   13.2   0.0    31    94    13    79     1   153 0.79 NODE_2_length_304403_cov_65.784473_64 # 69550 # 70176 # -1 # ID=2_64;partial=00;start_type=ATG;rbs_motif=AGGAGG;rbs_spacer=5-10bp;gc_cont=0.400
NODE_3_length_223274_cov_181.317177:85100-85924|+  -            275 19814                -            559     0.012   11.5   0.1   1   1   4.3e-05     0.026   10.4   0.1    52   126    47   129    36   146 0.70 NODE_3_length_223274_cov_181.317177_82 # 85100 # 85924 # 1 # ID=3_82;partial=00;start_type=GTG;rbs_motif=AGGAG;rbs_spacer=5-10bp;gc_cont=0.350
NODE_4_length_193524_cov_77.069373:156151-156960|+ -            270 19814                -            559     0.017   11.0   0.0   1   2   6.8e-05     0.042    9.7   0.0    57   130    51   125    26   134 0.79 NODE_4_length_193524_cov_77.069373_136 # 156151 # 156960 # 1 # ID=4_136;partial=00;start_type=ATG;rbs_motif=AGxAGG/AGGxGG;rbs_spacer=5-10bp;gc_cont=0.404
NODE_4_length_193524_cov_77.069373:156151-156960|+ -            270 19814                -            559     0.017   11.0   0.0   2   2      0.27   1.6e+02   -2.2   0.0   451   477   192   219   186   223 0.83 NODE_4_length_193524_cov_77.069373_136 # 156151 # 156960 # 1 # ID=4_136;partial=00;start_type=ATG;rbs_motif=AGxAGG/AGGxGG;rbs_spacer=5-10bp;gc_cont=0.404
#
# Program:         hmmsearch
# Version:         3.4 (Aug 2023)
# Pipeline mode:   SEARCH
# Query file:      /sw/data/local/BUSCO_Data/v5/lineages/enterococcus_odb12/hmms/19814at1350.hmm
# Target file:     /home/dich3309/rnaseq-tnseq-enterococcus-analysis/analyses/03_assembly_evaluation/busco_enterococcus_odb12/spades_scaffolds_pacbio_illumina_enterococcus_odb12/prodigal_output/predicted_genes/predicted.faa
# Option settings: hmmsearch --domtblout /home/dich3309/rnaseq-tnseq-enterococcus-analysis/analyses/03_assembly_evaluation/busco_enterococcus_odb12/spades_scaffolds_pacbio_illumina_enterococcus_odb12/run_enterococcus_odb12/hmmer_output/19814at1350.out --cpu 1 /sw/data/local/BUSCO_Data/v5/lineages/enterococcus_odb12/hmms/19814at1350.hmm /home/dich3309/rnaseq-tnseq-enterococcus-analysis/analyses/03_assembly_evaluation/busco_enterococcus_odb12/spades_scaffolds_pacbio_illumina_enterococcus_odb12/prodigal_output/predicted_genes/predicted.faa 
# Current dir:     /gorilla/home/dich3309/rnaseq-tnseq-enterococcus-analysis/code
# Date:            Tue Apr 28 22:10:45 2026
# [ok]
