#                                                                                                          --- full sequence --- -------------- this domain -------------   hmm coord   ali coord   env coord
# target name                                      accession   tlen query name           accession   qlen   E-value  score  bias   #  of  c-Evalue  i-Evalue  score  bias  from    to  from    to  from    to  acc description of target
#                              ------------------- ---------- ----- -------------------- ---------- ----- --------- ------ ----- --- --- --------- --------- ------ ----- ----- ----- ----- ----- ----- ----- ---- ---------------------
NODE_17_length_58686_cov_60.941844:9417-10652|+    -            412 4559                 -            410  2.1e-256  847.8   1.4   1   1  3.8e-259  2.4e-256  847.7   1.4     1   410     1   411     1   411 1.00 NODE_17_length_58686_cov_60.941844_11 # 9417 # 10652 # 1 # ID=17_11;partial=00;start_type=ATG;rbs_motif=GGA/GAG/AGG;rbs_spacer=5-10bp;gc_cont=0.441
NODE_30_length_20136_cov_58.816694:4199-5335|+     -            379 4559                 -            410   1.3e-30  104.2   0.0   1   1   1.6e-31     1e-28   97.9   0.0    24   370     4   332     2   378 0.82 NODE_30_length_20136_cov_58.816694_4 # 4199 # 5335 # 1 # ID=30_4;partial=00;start_type=GTG;rbs_motif=GGA/GAG/AGG;rbs_spacer=5-10bp;gc_cont=0.412
NODE_8_length_133129_cov_72.724935:1513-2655|-     -            381 4559                 -            410   4.1e-28   95.9   0.0   1   2   5.5e-28   3.4e-25   86.3   0.0    23   239     1   217     1   229 0.88 NODE_8_length_133129_cov_72.724935_2 # 1513 # 2655 # -1 # ID=8_2;partial=00;start_type=ATG;rbs_motif=GGAG/GAGG;rbs_spacer=5-10bp;gc_cont=0.394
NODE_8_length_133129_cov_72.724935:1513-2655|-     -            381 4559                 -            410   4.1e-28   95.9   0.0   2   2   0.00037      0.23    7.8   0.0   273   365   235   325   230   370 0.82 NODE_8_length_133129_cov_72.724935_2 # 1513 # 2655 # -1 # ID=8_2;partial=00;start_type=ATG;rbs_motif=GGAG/GAGG;rbs_spacer=5-10bp;gc_cont=0.394
NODE_1_length_385945_cov_86.278628:191671-192762|- -            364 4559                 -            410   2.1e-07   27.7   0.0   1   1   4.1e-10   2.5e-07   27.5   0.0   142   249   106   216    33   263 0.83 NODE_1_length_385945_cov_86.278628_209 # 191671 # 192762 # -1 # ID=1_209;partial=00;start_type=ATG;rbs_motif=AGGA;rbs_spacer=5-10bp;gc_cont=0.394
NODE_12_length_96937_cov_75.325559:42007-43152|+   -            382 4559                 -            410   0.00018   18.1   0.0   1   1   4.3e-07   0.00027   17.5   0.0   149   228   121   199    83   221 0.87 NODE_12_length_96937_cov_75.325559_43 # 42007 # 43152 # 1 # ID=12_43;partial=00;start_type=ATG;rbs_motif=AGGAGG;rbs_spacer=5-10bp;gc_cont=0.401
#
# Program:         hmmsearch
# Version:         3.4 (Aug 2023)
# Pipeline mode:   SEARCH
# Query file:      /sw/data/local/BUSCO_Data/v5/lineages/enterococcus_odb12/hmms/4559at1350.hmm
# Target file:     /home/dich3309/rnaseq-tnseq-enterococcus-analysis/analyses/03_assembly_evaluation/busco_enterococcus_odb12/spades_scaffolds_pacbio_illumina_enterococcus_odb12/prodigal_output/predicted_genes/predicted.faa
# Option settings: hmmsearch --domtblout /home/dich3309/rnaseq-tnseq-enterococcus-analysis/analyses/03_assembly_evaluation/busco_enterococcus_odb12/spades_scaffolds_pacbio_illumina_enterococcus_odb12/run_enterococcus_odb12/hmmer_output/4559at1350.out --cpu 1 /sw/data/local/BUSCO_Data/v5/lineages/enterococcus_odb12/hmms/4559at1350.hmm /home/dich3309/rnaseq-tnseq-enterococcus-analysis/analyses/03_assembly_evaluation/busco_enterococcus_odb12/spades_scaffolds_pacbio_illumina_enterococcus_odb12/prodigal_output/predicted_genes/predicted.faa 
# Current dir:     /gorilla/home/dich3309/rnaseq-tnseq-enterococcus-analysis/code
# Date:            Tue Apr 28 22:11:07 2026
# [ok]
