#                                                                                      --- full sequence --- -------------- this domain -------------   hmm coord   ali coord   env coord
# target name                  accession   tlen query name           accession   qlen   E-value  score  bias   #  of  c-Evalue  i-Evalue  score  bias  from    to  from    to  from    to  acc description of target
#          ------------------- ---------- ----- -------------------- ---------- ----- --------- ------ ----- --- --- --------- --------- ------ ----- ----- ----- ----- ----- ----- ----- ---- ---------------------
contig_2_pilon:181037-182170|+ -            378 23901                -            376  1.6e-194  643.1  24.3   1   1  2.3e-197  1.8e-194  642.9  24.3     1   376     1   377     1   377 0.98 contig_2_pilon_150 # 181037 # 182170 # 1 # ID=5_150;partial=00;start_type=ATG;rbs_motif=AGxAGG/AGGxGG;rbs_spacer=5-10bp;gc_cont=0.429
contig_2_pilon:182170-183126|+ -            319 23901                -            376   1.3e-20   70.7  26.5   1   1   2.6e-23     2e-20   70.1  26.5    56   340    13   299     6   315 0.85 contig_2_pilon_151 # 182170 # 183126 # 1 # ID=5_151;partial=00;start_type=ATG;rbs_motif=AGxAGG/AGGxGG;rbs_spacer=5-10bp;gc_cont=0.428
contig_1_pilon:724481-725686|+ -            402 23901                -            376   0.00032   16.8  17.1   1   2         4     3e+03   -6.4  13.9    36   145    37   141    24   219 0.69 contig_1_pilon_686 # 724481 # 725686 # 1 # ID=1_686;partial=00;start_type=TTG;rbs_motif=AGxAGG/AGGxGG;rbs_spacer=5-10bp;gc_cont=0.434
contig_1_pilon:724481-725686|+ -            402 23901                -            376   0.00032   16.8  17.1   2   2   4.2e-07   0.00032   16.8  17.1   150   317   197   369   188   391 0.68 contig_1_pilon_686 # 724481 # 725686 # 1 # ID=1_686;partial=00;start_type=TTG;rbs_motif=AGxAGG/AGGxGG;rbs_spacer=5-10bp;gc_cont=0.434
contig_2_pilon:85802-86707|+   -            302 23901                -            376    0.0011   15.0  15.3   1   2   7.1e-06    0.0054   12.7  14.5   186   281   126   221    58   250 0.65 contig_2_pilon_73 # 85802 # 86707 # 1 # ID=5_73;partial=00;start_type=ATG;rbs_motif=AGGAGG;rbs_spacer=5-10bp;gc_cont=0.434
contig_2_pilon:85802-86707|+   -            302 23901                -            376    0.0011   15.0  15.3   2   2      0.23   1.8e+02   -2.1   0.0    11    35   237   262   231   275 0.62 contig_2_pilon_73 # 85802 # 86707 # 1 # ID=5_73;partial=00;start_type=ATG;rbs_motif=AGGAGG;rbs_spacer=5-10bp;gc_cont=0.434
#
# Program:         hmmsearch
# Version:         3.4 (Aug 2023)
# Pipeline mode:   SEARCH
# Query file:      /sw/data/local/BUSCO_Data/v5/lineages/enterococcaceae_odb12/hmms/23901at81852.hmm
# Target file:     /home/dich3309/rnaseq-tnseq-enterococcus-analysis/analyses/03_assembly_evaluation/busco_enterococcaceae_odb12/flye_pacbio_pilon_enterococcaceae_odb12/prodigal_output/predicted_genes/predicted.faa
# Option settings: hmmsearch --domtblout /home/dich3309/rnaseq-tnseq-enterococcus-analysis/analyses/03_assembly_evaluation/busco_enterococcaceae_odb12/flye_pacbio_pilon_enterococcaceae_odb12/run_enterococcaceae_odb12/hmmer_output/23901at81852.out --cpu 1 /sw/data/local/BUSCO_Data/v5/lineages/enterococcaceae_odb12/hmms/23901at81852.hmm /home/dich3309/rnaseq-tnseq-enterococcus-analysis/analyses/03_assembly_evaluation/busco_enterococcaceae_odb12/flye_pacbio_pilon_enterococcaceae_odb12/prodigal_output/predicted_genes/predicted.faa 
# Current dir:     /gorilla/home/dich3309/rnaseq-tnseq-enterococcus-analysis/code
# Date:            Wed Apr 29 00:58:41 2026
# [ok]
