#                                                                                      --- full sequence --- -------------- this domain -------------   hmm coord   ali coord   env coord
# target name                  accession   tlen query name           accession   qlen   E-value  score  bias   #  of  c-Evalue  i-Evalue  score  bias  from    to  from    to  from    to  acc description of target
#          ------------------- ---------- ----- -------------------- ---------- ----- --------- ------ ----- --- --- --------- --------- ------ ----- ----- ----- ----- ----- ----- ----- ---- ---------------------
contig_1_pilon:76125-77096|+   -            324 27838                -            323  2.2e-210  695.0   2.8   1   1  4.9e-213  2.5e-210  694.9   2.8     1   322     1   322     1   323 1.00 contig_1_pilon_80 # 76125 # 77096 # 1 # ID=1_80;partial=00;start_type=ATG;rbs_motif=GGAGG;rbs_spacer=5-10bp;gc_cont=0.402
contig_2_pilon:618753-619727|+ -            325 27838                -            323  6.7e-140  463.4   0.3   1   1  1.6e-142  8.2e-140  463.1   0.3     1   320     1   318     1   321 0.98 contig_2_pilon_577 # 618753 # 619727 # 1 # ID=5_577;partial=00;start_type=ATG;rbs_motif=GGAGG;rbs_spacer=5-10bp;gc_cont=0.406
contig_1_pilon:868016-868645|+ -            210 27838                -            323   3.1e-05   20.9   0.1   1   1   7.1e-08   3.6e-05   20.7   0.1   172   261    69   159    52   194 0.74 contig_1_pilon_823 # 868016 # 868645 # 1 # ID=1_823;partial=00;start_type=ATG;rbs_motif=GGAG/GAGG;rbs_spacer=5-10bp;gc_cont=0.394
contig_1_pilon:710472-711911|+ -            480 27838                -            323   0.00016   18.5   0.1   1   1   5.1e-07   0.00026   17.9   0.1   212   278   343   409   332   426 0.88 contig_1_pilon_675 # 710472 # 711911 # 1 # ID=1_675;partial=00;start_type=ATG;rbs_motif=GGAGG;rbs_spacer=5-10bp;gc_cont=0.416
contig_2_pilon:985708-986337|+ -            210 27838                -            323   0.00057   16.7   0.0   1   1   1.8e-06   0.00091   16.1   0.0   216   257   121   162   113   182 0.88 contig_2_pilon_951 # 985708 # 986337 # 1 # ID=5_951;partial=00;start_type=ATG;rbs_motif=AGGAG;rbs_spacer=5-10bp;gc_cont=0.410
contig_1_pilon:857194-857733|+ -            180 27838                -            323   0.00088   16.1   0.2   1   1   4.8e-06    0.0024   14.7   0.2   159   247    21   123     7   133 0.72 contig_1_pilon_813 # 857194 # 857733 # 1 # ID=1_813;partial=00;start_type=ATG;rbs_motif=AGxAGG/AGGxGG;rbs_spacer=5-10bp;gc_cont=0.404
#
# Program:         hmmsearch
# Version:         3.4 (Aug 2023)
# Pipeline mode:   SEARCH
# Query file:      /sw/data/local/BUSCO_Data/v5/lineages/enterococcaceae_odb12/hmms/27838at81852.hmm
# Target file:     /home/dich3309/rnaseq-tnseq-enterococcus-analysis/analyses/03_assembly_evaluation/busco_enterococcaceae_odb12/flye_pacbio_pilon_enterococcaceae_odb12/prodigal_output/predicted_genes/predicted.faa
# Option settings: hmmsearch --domtblout /home/dich3309/rnaseq-tnseq-enterococcus-analysis/analyses/03_assembly_evaluation/busco_enterococcaceae_odb12/flye_pacbio_pilon_enterococcaceae_odb12/run_enterococcaceae_odb12/hmmer_output/27838at81852.out --cpu 1 /sw/data/local/BUSCO_Data/v5/lineages/enterococcaceae_odb12/hmms/27838at81852.hmm /home/dich3309/rnaseq-tnseq-enterococcus-analysis/analyses/03_assembly_evaluation/busco_enterococcaceae_odb12/flye_pacbio_pilon_enterococcaceae_odb12/prodigal_output/predicted_genes/predicted.faa 
# Current dir:     /gorilla/home/dich3309/rnaseq-tnseq-enterococcus-analysis/code
# Date:            Wed Apr 29 00:58:46 2026
# [ok]
