#                                                                                      --- full sequence --- -------------- this domain -------------   hmm coord   ali coord   env coord
# target name                  accession   tlen query name           accession   qlen   E-value  score  bias   #  of  c-Evalue  i-Evalue  score  bias  from    to  from    to  from    to  acc description of target
#          ------------------- ---------- ----- -------------------- ---------- ----- --------- ------ ----- --- --- --------- --------- ------ ----- ----- ----- ----- ----- ----- ----- ---- ---------------------
contig_2_pilon:948188-948622|+ -            145 28954                -            140   7.9e-59  195.4   0.6   1   1   8.7e-62   8.8e-59  195.3   0.6     1   140     1   142     1   142 0.97 contig_2_pilon_911 # 948188 # 948622 # 1 # ID=5_911;partial=00;start_type=ATG;rbs_motif=AGxAGG/AGGxGG;rbs_spacer=5-10bp;gc_cont=0.370
contig_1_pilon:138317-138883|- -            189 28954                -            140   0.00071   17.4   0.2   1   2   1.7e-06    0.0017   16.1   0.0    16    93    35   112    28   129 0.84 contig_1_pilon_126 # 138317 # 138883 # -1 # ID=1_126;partial=00;start_type=ATG;rbs_motif=GGA/GAG/AGG;rbs_spacer=5-10bp;gc_cont=0.409
contig_1_pilon:138317-138883|- -            189 28954                -            140   0.00071   17.4   0.2   2   2      0.68   6.8e+02   -2.0   0.0   100   116   150   166   147   177 0.85 contig_1_pilon_126 # 138317 # 138883 # -1 # ID=1_126;partial=00;start_type=ATG;rbs_motif=GGA/GAG/AGG;rbs_spacer=5-10bp;gc_cont=0.409
contig_2_pilon:323107-325812|+ -            902 28954                -            140       0.1   10.4   4.3   1   4      0.42   4.2e+02   -1.4   0.0    29   103   179   250   160   270 0.64 contig_2_pilon_299 # 323107 # 325812 # 1 # ID=5_299;partial=00;start_type=ATG;rbs_motif=AGxAGG/AGGxGG;rbs_spacer=5-10bp;gc_cont=0.399
contig_2_pilon:323107-325812|+ -            902 28954                -            140       0.1   10.4   4.3   2   4      0.13   1.4e+02    0.2   0.1    41   111   285   358   232   363 0.69 contig_2_pilon_299 # 323107 # 325812 # 1 # ID=5_299;partial=00;start_type=ATG;rbs_motif=AGxAGG/AGGxGG;rbs_spacer=5-10bp;gc_cont=0.399
contig_2_pilon:323107-325812|+ -            902 28954                -            140       0.1   10.4   4.3   3   4   0.00019       0.2    9.4   0.2    22    88   366   432   353   486 0.69 contig_2_pilon_299 # 323107 # 325812 # 1 # ID=5_299;partial=00;start_type=ATG;rbs_motif=AGxAGG/AGGxGG;rbs_spacer=5-10bp;gc_cont=0.399
contig_2_pilon:323107-325812|+ -            902 28954                -            140       0.1   10.4   4.3   4   4      0.99     1e+03   -2.6   0.0    15    68   533   584   517   589 0.71 contig_2_pilon_299 # 323107 # 325812 # 1 # ID=5_299;partial=00;start_type=ATG;rbs_motif=AGxAGG/AGGxGG;rbs_spacer=5-10bp;gc_cont=0.399
#
# Program:         hmmsearch
# Version:         3.4 (Aug 2023)
# Pipeline mode:   SEARCH
# Query file:      /sw/data/local/BUSCO_Data/v5/lineages/enterococcaceae_odb12/hmms/28954at81852.hmm
# Target file:     /home/dich3309/rnaseq-tnseq-enterococcus-analysis/analyses/03_assembly_evaluation/busco_enterococcaceae_odb12/flye_pacbio_pilon_enterococcaceae_odb12/prodigal_output/predicted_genes/predicted.faa
# Option settings: hmmsearch --domtblout /home/dich3309/rnaseq-tnseq-enterococcus-analysis/analyses/03_assembly_evaluation/busco_enterococcaceae_odb12/flye_pacbio_pilon_enterococcaceae_odb12/run_enterococcaceae_odb12/hmmer_output/28954at81852.out --cpu 1 /sw/data/local/BUSCO_Data/v5/lineages/enterococcaceae_odb12/hmms/28954at81852.hmm /home/dich3309/rnaseq-tnseq-enterococcus-analysis/analyses/03_assembly_evaluation/busco_enterococcaceae_odb12/flye_pacbio_pilon_enterococcaceae_odb12/prodigal_output/predicted_genes/predicted.faa 
# Current dir:     /gorilla/home/dich3309/rnaseq-tnseq-enterococcus-analysis/code
# Date:            Wed Apr 29 00:58:50 2026
# [ok]
